< L0, 1, 33, 21, 14, 45, 48, 46, 18, 50, 39, 16, 2, 3, 15, 48, 48 >
< L1, 43, 45, 23, 49, 40, 36, 30, 17, 50, 34, 18, 12, 33, 35, 12, 17, 6, 27, 11, 5, 24, 28, 4, 12, 45, 5, 15, 9, 4, 12, 7, 46, 9, 31, 44, 48, 16, 24, 16, 16, 7, 35, 29, 41, 20, 42 >
< L2, 27, 20, 21, 31, 43, 1, 36, 4, 45 >
< L3, 20, 6, 45, 34, 14, 41, 44, 44, 34, 43, 12, 9, 9, 27, 17, 45, 7, 9, 16, 48, 17, 42, 19, 38, 24, 11, 38, 9, 16, 34, 50, 36, 41, 47, 21, 4, 37, 14, 48, 22, 6, 9 >
< L4, 16, 37, 49, 11, 45, 8, 26, 44, 24, 20, 12, 11, 43, 24, 50, 4, 39, 34, 5, 26, 24, 1, 48, 30, 37, 11, 29, 11, 19, 39, 43 >
< L5, 27, 41, 46, 21, 48, 22, 16, 22, 43, 27, 34, 37, 2, 36, 40, 42, 21, 45, 18, 46, 45, 15, 25, 34, 28, 3, 44, 46, 43, 38, 29, 19, 28, 25 >
< L6, 26, 48, 6, 49, 42, 34, 34, 28, 35, 19, 18, 27, 39, 14, 46, 35, 10, 12, 11, 45, 39, 16, 40, 34, 8, 27, 15, 29, 5, 41, 21, 32, 40, 27, 30, 31, 10, 15, 8, 45, 36 >
< L7, 21, 24, 42, 16, 10, 4, 27, 23, 48, 18, 38, 40, 3, 47, 16, 17, 27, 22, 9, 48, 3, 48, 24, 34, 30, 35, 49 >
< L8, 31, 34, 16, 3, 9, 10, 20, 21, 13, 47, 43, 10, 16, 32, 49, 18, 30, 17, 37, 7, 38, 45, 6, 43, 45, 31, 26, 24, 15, 26, 13, 46, 11, 31, 50, 22, 40, 20 >
< L9, 2, 18, 36, 13, 33, 17, 14, 50, 48, 30, 38, 4, 19, 35, 11, 11, 29, 41, 39, 4, 6, 14, 19, 3, 27, 49, 2, 48, 38, 21, 39, 41, 38, 26, 3, 22, 44, 16, 24, 41, 45, 11 >
< L10, 14, 45, 7, 26, 25, 48, 14, 31, 5, 30, 49, 9, 6, 49, 12, 5, 36, 35, 43, 26, 24, 18, 30, 46, 11, 46, 19, 3, 42, 31, 49, 7, 28, 6, 33, 4, 5, 48, 34, 11, 29, 34, 19, 34, 32, 32, 38 >
< L11, 16, 32, 46, 40, 1, 26, 35, 13, 23, 5, 16, 14, 35, 16, 21, 12, 23, 5, 16 >
< L12, 2, 49, 39, 31, 35, 9, 16, 18, 41, 6, 37, 6, 39, 34, 45, 42, 11, 31, 4, 33, 35, 21, 47, 20, 39, 19, 31, 11, 23 >
< L13, 40, 24, 49, 30, 6, 33, 39, 24, 50, 31, 29, 38, 36, 17, 22, 33, 8, 32, 13, 14, 15, 48, 36, 13, 19, 24, 31, 49, 37, 3, 49, 28, 28, 47, 7, 36, 29, 47, 9, 30, 27, 39, 18, 15, 5, 39, 47, 15 >
< L14, 11, 30, 38, 10, 15, 50, 28, 41, 30, 29, 27, 34, 27, 6, 14, 23, 12, 49, 1, 11, 9, 30 >
< L15, 47, 49, 3, 3, 39, 1, 19, 11, 12, 48, 50, 21, 15, 50, 49, 5, 31, 27, 33, 17, 3, 38, 30, 25, 1, 30, 27, 11, 40, 8, 50, 36, 9, 4, 40, 47, 5 >
< L16, 9, 16, 8, 9, 36, 22, 10, 36, 28 >
< L17, 14, 12, 8, 16, 1, 39, 42, 2, 18, 20, 14, 7, 28, 15, 44, 36, 19, 34, 34, 23, 44, 43, 40, 1, 3, 27, 25, 12, 13, 4, 3, 26, 18, 13, 44, 18, 1, 35, 21, 21, 7, 35 >
< L18, 34, 1, 23, 21, 19, 8, 6, 43, 1, 50, 32, 3, 2, 9, 27, 15, 23, 33, 20, 48, 50, 32, 43, 17, 34, 30, 38, 4, 36 >
< L19, 33, 21, 24, 7, 43, 45, 14, 48, 39, 16, 48, 21, 18, 1, 31, 45, 16, 3, 29, 35, 2, 28, 18, 45 >
< L20, 1, 26, 33, 5, 11, 8, 39, 33, 34, 45, 25, 30, 10, 22, 18, 25, 21, 40, 42, 22, 20, 38, 39, 24, 16, 25, 26, 45, 42, 22, 41, 44, 47, 25, 48, 9, 33, 38, 41, 18, 32, 15, 47, 43, 38, 16 >
< L21, 11, 6, 11, 32, 25, 50, 22, 49, 18, 46, 26, 12, 39, 47, 4, 32, 45 >
< L22, 32, 3, 13, 19, 45, 30, 1, 9, 28, 43, 48, 45, 12, 8, 50, 22, 41, 27, 23, 14, 25, 40, 9, 2, 4, 49, 50, 7, 31 >
< L23, 35, 12, 48, 47, 30, 42, 28, 32, 2, 7, 27, 49, 4, 40, 9, 3, 13, 1, 29, 35, 15, 5, 25, 23, 6, 30, 22, 5, 36, 4, 50, 21, 15, 47, 19, 46, 40, 49, 28, 41, 7, 6, 42, 10 >
< L24, 2, 15, 7, 2, 45, 43, 16, 50, 19, 41, 7, 48, 14, 14, 34, 17, 13, 6, 33, 12, 26, 28, 3, 26, 7, 44, 35, 12, 37, 44, 8, 38, 10, 16, 41, 5, 9, 7, 4, 27, 47, 12, 27, 12, 27 >
< L25, 28, 40, 17, 10, 3, 42, 39, 5, 20, 46 >
< L26, 4, 9, 36, 49, 19, 25, 9, 34, 16, 13, 44, 24, 18, 23, 22, 31, 49, 33, 8, 10, 12, 49, 26, 21, 1, 19, 9, 7, 38, 6, 7, 43, 15, 44, 42, 33, 21, 50, 18, 36, 14, 12, 11, 31, 34, 32, 11, 34, 16, 18 >
< L27, 27, 16, 18, 49, 18, 36, 7, 25, 26, 15, 33, 18, 29, 26, 9, 13, 48, 10, 30, 33, 23, 43, 45, 5, 28, 26, 18, 11, 43, 37, 3, 19, 5, 22, 17, 22, 10, 26, 48, 35, 40, 30, 4 >
< L28, 8, 15, 34, 5, 24, 13, 40, 49, 8, 36, 3, 35, 14, 20, 48, 6, 7, 50, 25, 11 >
< L29, 43, 34, 31, 20, 32, 17, 9, 13, 20, 30, 22, 34, 13, 29, 10, 28, 20, 8, 35, 5, 10, 21 >
< L30, 32, 18, 24, 40, 20, 50, 2, 41, 42, 35, 23, 12, 18, 41, 22, 33, 10, 2 >
< L31, 46, 16, 34, 5, 43, 3 >
< L32, 29, 10, 23, 50, 27, 6, 19, 50, 45, 38, 1, 48 >
< L33, 43, 35, 4, 6, 2, 44, 27, 36, 6, 30, 42, 1, 46, 27, 7, 40, 30, 18, 19, 39, 42, 20, 17, 50, 38, 19, 46, 28, 19, 44 >
< L34, 11, 28, 11, 18, 31, 6, 47 >
< L35, 11, 26, 10, 11, 23, 36, 17, 13, 17, 36, 33, 7, 30, 4, 24, 29, 41 >
< L36, 26, 20, 10, 19, 27, 23, 48, 39, 42, 29, 44, 38, 47, 5, 14, 8, 17, 38, 43, 36, 2, 10, 23, 34, 18, 2, 39, 41, 32, 30, 34, 8, 1, 44, 28, 27, 18, 26, 15, 9, 6, 11 >
< L37, 4, 15, 12, 11, 31, 49, 3, 16, 1, 14, 39, 36, 32, 42, 25, 24, 26, 6, 8, 33, 6, 3, 12, 35, 22, 39, 49, 30, 44, 9, 28, 47, 25, 41, 7, 8, 40, 12, 25, 42, 25, 13, 27, 8, 7, 1, 32 >
< L38, 8, 41, 16, 14, 43, 27, 48, 14, 16, 48, 45, 11, 9, 25, 8, 33, 15, 16, 40, 4, 27, 15, 47, 4, 29, 24, 13, 37, 26, 46, 18, 34 >
< L39, 35, 47, 30, 14, 46, 43, 29, 43, 40, 41, 1, 14, 48, 36, 28, 16, 27, 34, 44, 41, 30, 47, 22, 5, 12, 8, 31, 7, 28, 16, 43, 12, 12, 22, 25, 7 >
< L40, 5, 1, 8, 46, 2, 21, 45, 39, 50, 10, 15, 35, 4, 8, 15, 2, 29 >
< L41, 13, 38, 3, 22, 15, 18, 14, 29, 29, 37, 5, 37, 5, 10, 38, 12, 7, 41, 34, 3, 29 >
< L42, 15, 43, 18, 20, 2, 34, 21, 30, 5, 36, 20, 9, 7, 34, 27, 22, 14, 7, 10, 19, 46, 17, 30, 35, 30, 38, 25, 14, 40, 5, 47, 4, 49, 16 >
< L43, 1, 2, 48, 32, 8, 33, 1, 16, 41, 37, 42, 14, 50, 49, 25, 20, 44, 41, 1, 28, 23, 38, 4, 36, 30 >
< L44, 34, 35, 8, 49, 10, 10, 50, 7, 42, 7 >
< L45, 44, 23, 31, 30, 16, 46, 32, 16, 20, 3, 9, 13, 4, 38, 35, 43, 43, 22, 22, 2, 5, 9, 12, 5, 18, 21, 5, 24, 14, 13, 14, 8, 37, 46, 39, 5, 43, 22, 20, 14, 25 >
< L46, 28, 30, 18, 12, 24, 11, 35, 48, 12, 39, 6, 23, 44, 23, 46, 50, 48, 11, 14, 13, 20, 3, 8, 11, 7, 2, 32, 26, 15 >
< L47, 6, 43, 37, 26, 6, 13, 36, 41 >
< L48, 49, 31, 15, 24, 26, 39, 21, 25, 36, 31 >
< L49, 48, 1, 43, 7, 11, 1, 8, 44, 26, 24, 2, 34, 16, 40, 9, 22, 2, 44, 14, 13, 44, 44, 27, 17, 20, 17, 37, 46, 4, 20, 38, 3, 22, 32, 9, 32, 32, 18, 25, 10, 44 >
