< L0, 44, 26, 9, 25, 39, 42 >
< L1, 20, 17, 18, 14, 22, 24, 30, 5, 16, 41, 11, 18, 49, 45, 29, 19, 18, 37, 40, 33, 3, 1, 46, 10, 44, 22, 19, 20, 12, 12, 17, 33, 30, 36, 47, 3, 9, 28, 7, 27, 18, 17, 44, 19, 13, 24, 37, 33 >
< L2, 28, 15, 15, 30, 10, 24, 23, 33, 44, 45, 47 >
< L3, 13, 29, 35, 49, 27, 38 >
< L4, 4, 44, 35, 24, 13, 29, 42, 25, 4 >
< L5, 7, 14, 7, 21, 28, 36, 33, 4, 10, 17, 47, 6, 13, 4, 19, 44, 39, 17, 22, 28, 25, 26, 23, 10, 49, 35, 40, 42, 10, 43 >
< L6, 18, 9, 29, 41, 38, 14, 25, 41, 25, 41, 40, 31, 6, 43, 1, 49, 31, 17, 20, 10, 43 >
< L7, 33, 2, 47, 17, 43, 38, 28, 36, 10, 48, 44, 38, 38, 33, 3, 12, 24, 28, 4, 13, 10, 9, 5, 10, 7, 38, 28, 29, 47, 20, 25, 31, 24, 24, 48, 16, 11, 27, 3, 21, 24, 48, 10, 13, 31, 13, 26 >
< L8, 40, 30, 20, 1, 38, 24 >
< L9, 47, 13, 39, 25, 12, 10, 1, 42, 33, 24, 41, 1 >
< L10, 18, 5, 9, 43, 3, 18, 8, 35, 30, 33, 40, 21, 12, 9, 21, 2, 34, 32, 48, 49, 22, 24, 10, 32, 24, 3, 16, 50, 44, 18, 36, 13, 23, 46, 7, 27, 13 >
< L11, 11, 45, 49, 2, 15, 12, 12, 36, 13, 47, 19, 12, 45, 41 >
< L12, 6, 24, 11, 11, 39, 12, 4, 9, 49, 18, 31, 44, 26, 7, 8, 40, 19, 2, 40, 20, 17, 1, 33, 4, 16, 29, 22, 27, 26, 14, 14, 33, 37, 26, 43 >
< L13, 37, 48, 36, 35, 15, 16, 28, 41, 24, 35, 32, 44, 37, 21, 13, 5, 23, 47, 8, 38, 27, 29, 15, 2, 45, 30, 37, 31 >
