< L0, 31, 13, 13, 5, 37, 14 >
< L1, 23, 23 >
< L2, 14, 37, 3, 24, 25, 45, 20, 28, 42, 43, 47, 34 >
< L3, 18, 29, 42, 7, 35, 28, 30, 42, 8, 44, 4, 13, 31, 17, 16, 5, 41, 27, 18, 28, 29, 41, 4, 23, 13, 33, 16, 7, 29, 49, 6, 46, 29, 50, 4, 16, 27, 33, 7, 36, 27, 11, 48, 9, 29, 13, 13, 20, 42, 31 >
< L4, 20, 23, 2, 45, 35, 34, 10, 41, 14, 11, 49, 9, 41, 48, 13, 6, 26, 47, 15, 11, 25, 25, 11, 33, 5, 23, 46, 24, 14, 28, 22, 36, 50, 23, 30, 37, 8, 41, 29, 21, 1, 27, 32, 42, 26, 46, 49, 1, 44 >
< L5, 14, 19, 39, 24, 3, 44, 48, 50, 19, 14, 27, 41, 49 >
< L6, 15, 30, 15, 23, 20, 45, 45, 21, 22, 28, 14, 49, 23, 14, 2, 19, 29, 15, 37, 17, 38, 41, 12, 35, 41, 31, 48, 17, 23 >
< L7, 47, 37, 27, 13, 11, 47, 8, 8, 19, 31, 35, 32, 29, 10, 45, 30, 28, 23, 44, 16, 42, 33, 6, 5, 20, 46, 37, 19, 15, 9, 17, 13, 48, 45, 26, 8, 41, 33, 15, 9, 13, 2, 42, 43, 11, 37, 23, 38 >
< L8, 18, 3, 4, 3, 8, 11, 22, 6, 47, 40, 22 >
< L9, 8, 34, 5, 3, 9, 14, 45, 43 >
< L10, 4, 7, 34, 45, 50, 44, 33, 22, 33, 46, 41, 35, 1, 43, 44, 11, 16, 1, 8, 8, 22, 17, 15, 8, 23, 19, 18, 36, 14, 11, 18 >
< L11, 17, 1, 13, 16, 46, 48, 39, 28, 43, 32, 14, 43, 24, 10, 6, 42, 10 >
< L12, 49, 34, 29, 15, 43, 1, 34, 10, 38, 47, 20, 8, 15 >
< L13, 10, 29, 4, 6, 26, 45, 35, 20, 26, 49, 15, 1, 10, 20, 42, 19, 34, 42, 4, 14, 7, 46, 16, 42, 6, 3, 38, 27, 12, 4, 15, 22, 32, 19, 29, 10, 15, 15, 29 >
< L14, 13, 45, 40, 22, 14, 34, 43, 49, 25, 48, 12, 33, 44, 27, 24, 1, 32, 13, 27, 45, 18, 42, 18, 50, 12, 46, 11, 26, 11, 39, 15, 25, 36, 6, 49, 1, 41, 43, 50, 16 >
< L15, 13, 50, 35, 42, 24, 35, 25, 38, 12, 19, 6, 5, 37, 5, 16, 34, 17, 43, 46, 5, 9, 23, 42, 14, 21, 43, 7, 13, 44, 22, 4, 6, 21, 39, 47, 46, 23, 21, 34, 36 >
< L16, 41, 40, 28, 45, 7, 11, 11, 1, 9, 17, 9, 31, 11, 25, 1, 3, 31, 15, 46, 4, 18, 3, 26, 6, 50, 24, 31, 22, 7, 16, 13, 47, 8, 40, 43, 16, 3, 5, 17, 11 >
< L17, 27, 43, 33, 3, 43, 37, 33, 9, 34, 38, 28, 37, 14, 34, 38, 37, 16, 9, 45, 31, 22, 43, 40 >
< L18, 37, 8, 15, 43, 26, 27, 15, 2, 19, 50, 5 >
< L19, 38, 39, 21, 22, 29, 49, 10, 42, 34, 47, 30, 49, 5 >
< L20, 31, 26, 18, 21, 39, 4, 28, 3, 46, 5, 30, 12, 6, 48, 13, 12, 13, 1, 3, 33, 24, 31, 33, 33 >
< L21, 16, 29, 3, 16, 33, 26, 47, 11, 45, 19, 1, 48, 48, 3, 43, 2, 34, 4, 9, 34, 19, 21 >
< L22, 19, 23, 30, 42, 5, 13, 26, 28, 30, 4, 30, 46, 38, 7, 42, 50, 1, 12, 50, 48, 9, 3, 42, 10, 38, 47, 18, 23, 15, 40, 20, 35, 14, 50, 26, 18, 14, 3, 47, 43, 6, 26, 38, 46, 34, 31 >
< L23, 34, 42, 45, 33, 2, 49, 26, 13, 38, 23, 33, 11, 39, 22, 30, 24, 38, 31, 1, 7, 44, 4, 4, 37, 11, 31, 26, 6, 15, 9, 1, 50, 2, 47, 35, 4, 45, 10, 18, 34, 34, 50, 44, 23, 24 >
