< L0, 11, 8, 48, 19, 2, 1, 22, 40, 12, 3, 17, 19, 19, 25, 19, 18, 29, 17, 4, 34, 13, 14, 1, 47, 47, 3, 40, 21, 26, 17, 18, 38, 25, 16, 6, 26, 18, 30, 17, 31, 34, 33, 50, 2, 10, 20 >
< L1, 38, 37, 25, 21, 49, 40, 23, 45, 38, 25, 37, 9, 2, 3, 28, 39, 29, 45, 47, 6, 13 >
< L2, 22, 43, 9, 7, 42, 12, 18, 12, 32, 5, 50, 8, 27, 48, 47, 1, 45, 37, 28, 31, 47, 29, 35, 24, 20, 14 >
< L3, 16, 19, 33, 43, 41, 25, 3, 49, 19, 14, 16, 32, 45, 22, 31, 5, 50, 30, 3 >
< L4, 24, 39, 27, 4, 35, 8, 39, 9, 27, 2, 29, 44, 22, 11, 36, 14, 37, 38, 12, 7, 1, 29, 38, 47, 50, 20, 1, 1, 50, 6, 3, 23, 44, 31, 27, 29, 38, 17, 39, 14, 20, 17, 7, 41, 29, 44, 5, 15, 31, 18 >
< L5, 33, 47, 11, 32, 48, 31, 34, 49, 30, 39, 1, 2, 33, 31, 30, 11, 21, 46, 1, 36, 17, 17 >
< L6, 10, 45, 38, 16, 11, 21, 33, 34, 3, 31, 45, 34, 31, 27, 20, 29, 8, 8, 31, 9, 42, 13, 41, 2, 35, 38, 2, 21, 5, 20, 15, 14, 16, 2, 29, 27, 22, 13, 10, 27, 44, 6, 12, 24, 34 >
< L7, 4, 41, 41, 36, 2, 32, 50, 42, 36, 35, 29, 39, 5, 35, 9, 19, 48, 24, 22, 28, 2, 46, 43, 14, 22, 36, 21, 35, 11, 5, 18 >
< L8, 47, 8, 1, 48, 39, 50, 39, 26, 36, 20, 15, 40, 4, 25, 10, 4 >
< L9, 32, 33, 2, 27, 25, 17, 50, 12, 37, 34, 22, 43, 1, 37, 40, 10, 39, 37, 49, 41, 28, 26, 26, 47, 40, 16, 2, 14, 25, 5, 14, 8, 40, 17, 36, 14, 33, 35, 26, 21, 21, 49, 14, 21, 36, 5, 33, 26, 41, 33 >
< L10, 20, 8, 42, 16, 48, 9, 18, 13, 35, 24, 26, 43, 13, 42, 28, 29 >
< L11, 15, 4, 47, 35, 2, 12, 7, 39, 16, 39, 15, 8, 21, 32, 28, 29, 23, 43, 28, 31, 12, 40, 18, 38, 16, 10 >
< L12, 9, 39 >
< L13, 35, 3, 35, 33, 39, 37, 44, 46, 27, 11, 34, 43, 18, 7, 25, 45, 35, 49, 38, 12, 32, 1, 1, 49, 38, 18, 8, 40, 29, 48 >
< L14, 15, 1, 6, 47, 41, 44, 42, 36, 20, 2, 22, 13, 19, 28, 39, 14, 14, 37, 3, 27, 18 >
< L15, 29, 16, 45, 49, 25 >
< L16, 27, 23, 4, 41, 25, 9, 39, 15, 2, 30, 3, 24, 31, 26, 38, 1, 3, 28, 16, 18, 14, 20, 46, 34, 25, 24, 1, 19, 24, 26, 4, 50, 50, 9 >
< L17, 26, 20, 30, 42, 23, 9, 44, 46, 41, 21, 35, 44, 23, 12, 9, 42, 28, 29, 37, 11, 5, 13, 13, 23, 38, 40, 26, 38, 39, 36, 29, 16, 5, 9, 8, 28, 19, 3, 23, 10, 24, 10 >
< L18, 48, 21, 13 >
< L19, 48, 41, 30, 10, 45, 44, 23, 19, 32, 12, 46, 21, 3, 32, 49, 18, 36, 9, 27, 15, 28, 32, 40, 39, 5, 49, 43, 4, 19, 5, 45, 19, 48, 27, 28, 44, 20, 50, 15, 1, 14, 10 >
< L20, 16, 43, 22, 35, 31, 30, 12, 45, 9, 45, 34, 49, 1, 32, 41, 4, 3, 48, 1, 21, 45 >
< L21, 48, 38, 46, 50, 2, 49, 13, 14, 21, 30, 6, 42, 14, 36, 24, 27, 33, 32, 21, 16, 33, 21, 50, 23, 27, 2, 20 >
< L22, 24, 16, 5, 23, 6, 2, 22, 9, 50, 36, 22, 21, 15, 30, 14, 31, 17, 37, 7, 49, 21, 30, 17, 3, 2, 16, 27 >
< L23, 19, 49, 6, 44, 14, 10, 16, 19, 12, 40, 28, 13, 25, 1, 35, 40, 30, 49, 22, 49, 35, 30, 47, 7, 9, 13, 9, 11 >
< L24, 36, 40, 50, 34, 46, 43, 49, 5, 9, 20, 18, 48, 47, 31, 24, 49, 15, 15, 31, 15, 36, 29, 50, 16, 27, 8, 24, 42, 17, 36 >
< L25, 4, 26, 23, 39, 21, 15, 37, 27, 25, 6, 45, 24, 4, 27, 48, 5, 43, 14, 35, 8, 50, 15, 9 >
