< L0, 16, 40, 32, 34, 28, 5, 37, 5, 29, 27, 27, 45, 16, 3, 20, 23, 49, 45, 29, 27, 44, 33, 20, 8, 17, 29, 9, 33, 37, 25, 23, 2, 16, 7, 38, 45, 13, 26, 49, 41, 3 >
< L1, 35, 18, 30, 6, 40, 28, 3, 20, 5, 46, 2, 26, 5, 20, 4, 15, 2, 40, 39, 25, 43, 7, 33, 32, 1 >
< L2, 8, 50, 35, 10, 26, 21, 29, 5, 27, 20, 33, 31, 40, 39, 26, 41, 14, 33, 11, 19, 49, 14, 10, 38, 38, 4, 46, 22, 36, 46, 16, 43, 47, 2, 4, 23, 23, 32, 27, 1, 1, 11, 31, 42, 49 >
< L3, 33, 14, 42, 45, 34, 41, 8, 43 >
< L4, 48, 49, 25, 19, 34, 22, 37, 28, 19, 38, 31, 41, 12, 14, 19, 14, 14, 30, 46, 6, 30, 4, 40, 44, 47, 34, 27, 37, 43, 22 >
< L5, 40, 20, 42, 11, 5, 14, 47, 32, 32, 36, 14, 24, 50, 27, 42, 13, 42, 21 >
< L6, 49, 3, 14, 38, 46, 12, 23, 24, 1, 16, 47 >
< L7, 7, 18, 12, 17, 22, 25, 15, 5, 8, 3, 18, 33, 2, 46, 24, 16, 38, 47 >
< L8, 36, 49, 41, 26, 46, 3, 50, 21, 3, 17, 20, 22, 24, 37, 33, 42, 11, 9, 7, 15, 16, 9, 33, 48, 12, 28 >
< L9, 27, 17, 22, 5, 3, 22, 45, 30, 19, 49, 29, 41, 3, 46, 10, 25, 21, 47, 9, 12, 7, 18, 20, 21 >
< L10, 30, 5, 35, 41, 35, 10, 20, 1, 31, 24, 5, 4, 20, 36, 22, 19, 15, 12, 23, 12, 22, 47, 34, 20, 8, 45, 28, 25, 17, 50, 9, 46, 5, 43, 39 >
< L11, 2, 10, 43, 34, 35, 50, 37, 4, 35, 10, 24, 1, 24, 47, 14, 47, 45, 47, 16, 4, 44, 45, 28, 10, 44, 39, 5, 48, 33, 45, 40, 35, 4, 33, 20, 40, 32, 9, 44, 18, 20 >
< L12, 19, 43, 17, 34, 39, 14, 31, 6, 17, 24, 50, 45, 35, 44, 35, 41, 43, 17, 36 >
< L13, 3, 41, 17, 23, 31, 50, 33, 26, 17, 2, 44, 37, 45, 13, 21, 35, 26, 3, 43, 42, 28, 44, 38, 12, 37, 22, 2, 32, 39, 37, 16, 41, 30 >
< L14, 15, 10, 31, 47, 37, 49, 49, 32, 38, 45, 44, 8, 29, 19, 12, 23, 13, 39, 17, 2, 50, 5, 24, 3, 36, 14, 42, 1, 4, 21, 34, 21 >
< L15, 16, 17, 18, 15, 17, 49, 2, 11, 45, 11, 42, 15, 22, 14, 27, 12, 30, 29, 13, 35, 4, 15, 22, 17, 8, 25, 22, 28, 8, 42, 11, 24 >
< L16, 30, 40, 27, 31, 41, 38, 25, 3, 31, 39, 24 >
