< L0, 37, 26, 48, 1, 10, 1, 17, 33, 19, 25, 7, 42, 2, 15, 36, 15, 40, 46 >
< L1, 29, 22, 24, 19, 11, 50, 21, 41, 39, 46, 37, 8, 34, 12, 5, 34, 23, 7, 50, 5, 27, 24, 12, 18, 28, 26, 3, 42, 15, 48, 37, 43, 22, 11, 13, 34, 10, 35, 27, 50, 30, 13, 9, 15 >
< L2, 13, 48, 46, 21, 47, 50, 49, 23, 11, 17, 2, 38, 21, 45, 4, 21, 31, 48, 44, 43, 12, 27, 5, 46 >
< L3, 6, 27, 15 >
< L4, 41, 40, 29, 38, 35, 2, 37, 37, 50, 11, 47, 18, 12, 37, 39 >
< L5, 42, 9, 40, 40, 2, 33, 3, 30 >
< L6, 49, 33, 46, 25, 49, 10, 18, 39, 41, 5, 25, 42, 43, 11, 41, 5, 10, 9, 18, 48, 49, 25, 39, 7, 15, 30, 10, 49, 33, 41, 39, 31, 23, 34, 7, 24, 46, 24, 14 >
< L7, 31, 40, 27, 25, 1, 19, 30, 12, 27, 47, 9, 25, 24, 47, 33, 40, 29, 44, 38, 11, 35, 28, 43, 9, 11, 1, 32, 6, 25, 47, 41, 7, 37, 19, 31, 39 >
< L8, 12, 50, 16, 11, 8, 43, 36, 6, 25, 25, 34, 19, 14, 44, 5, 41, 38, 13, 3, 39, 47, 9, 15, 43, 1, 21, 31, 22, 3, 19, 11, 17, 18, 26, 27, 27, 18, 12 >
< L9, 45, 38, 16, 15, 1, 10, 19, 41, 49, 33, 43, 37, 29, 3, 1, 24, 6, 23, 4, 29, 28, 25, 39, 44, 44, 16, 22, 21, 36, 33, 3, 30, 20 >
< L10, 46, 22, 29, 16, 12, 28, 48, 6, 16, 29, 11, 19, 2, 18, 41, 7, 46, 20 >
< L11, 36, 13, 27, 1, 34, 47, 36, 18, 49, 17, 39, 16, 12, 12, 47, 29, 23, 24, 27, 31, 39, 5, 43, 9, 8, 12, 50, 14, 9, 21, 47 >
< L12, 34, 23, 44, 19, 21, 32, 39, 19, 48, 29, 36, 12, 41, 34, 40, 15, 7, 16, 45, 48, 22, 39, 6, 29, 50, 7, 45, 8, 28, 43, 3, 13, 17, 47, 31, 39, 30, 21, 7, 27, 50, 44, 38, 40 >
< L13, 28, 4, 36, 45, 1, 35, 19, 41, 43, 49, 41, 1, 43, 50, 30, 37, 3, 42, 5, 1, 25, 43, 32, 45, 1, 8, 46, 45 >
< L14, 35, 24, 27, 41, 11, 21, 41, 46, 41, 31, 40, 40, 23, 40, 34, 25, 20, 21, 29, 13, 27, 31, 37, 20, 12, 34, 20, 19, 29, 16, 18, 16, 41, 44, 6, 4, 17, 46, 49, 7, 28, 38, 48, 1, 29, 32, 25, 48 >
< L15, 5, 11, 30, 35 >
< L16, 1, 46, 34, 23, 16, 13, 40, 34, 30, 31, 29, 35, 34, 47, 32, 34, 4, 11, 23, 1, 13, 1, 34, 37, 1, 37, 41, 11, 17, 27, 11, 17, 22, 45, 39, 38, 9, 29, 23, 38, 11, 1, 24, 46, 48, 5, 29, 3, 17 >
< L17, 5, 30, 3 >
< L18, 16, 3, 25, 9, 15, 43, 35, 28, 12, 9, 22, 2, 46, 30, 32, 18, 17, 44, 20, 42, 39, 17, 46, 19, 21, 12, 21, 26, 41, 26, 14, 9, 28, 40, 19, 45, 35, 5, 22 >
< L19, 15, 45, 47, 10, 24, 31, 29, 42, 24, 49, 33, 13, 17, 30, 33, 38, 43, 4, 13, 36, 29, 28, 46, 8, 19, 16, 4, 3, 22, 25, 50, 37, 21, 49, 48, 44, 29, 27, 37, 2, 27, 21, 16, 43, 50, 49 >
< L20, 45, 4, 46, 30, 32, 25, 27, 39, 44, 42, 45, 46, 13, 19, 46, 49, 40, 44, 47, 35, 24, 25, 24, 27, 1, 44, 43, 45, 46, 43, 29, 40 >
< L21, 24, 21, 27, 49, 47, 17, 44, 38, 11, 41, 2, 32, 38, 1, 23, 31, 49, 9, 6, 23, 32, 33, 23, 26, 25, 19, 23, 19, 47, 12, 14, 23, 32, 40, 21, 30, 8, 16, 19, 21, 6, 20, 2, 44, 20, 26 >
< L22, 18, 34, 32, 40, 16, 14, 14, 43, 40, 35, 15, 8, 31, 28, 21, 3, 11, 12, 25, 40, 21, 40, 8, 41, 46, 29 >
< L23, 39, 49, 21, 16, 18, 5, 47, 10, 22, 12, 25, 16, 1, 9, 32, 10, 42, 9, 32, 44, 21, 45, 21, 10, 16, 10, 19, 8, 7, 47, 4, 47, 47, 24, 13, 17, 28, 9, 28, 1, 21, 2, 18, 23 >
< L24, 49, 33, 4, 9, 14, 49, 29, 9, 19, 40, 26, 29, 8 >
< L25, 37, 7, 36, 34, 5, 10, 46, 23, 39, 4, 50, 42, 26, 4, 9, 49, 18, 10, 33, 21, 18, 48, 21, 47, 6, 40, 36, 33, 20, 46, 16, 6, 4 >
< L26, 39, 10, 14 >
< L27, 33, 5, 42, 32, 48, 17, 37, 6, 17, 4, 17, 49, 26, 35, 49, 47, 33, 6, 38, 20, 39, 7, 15, 6, 12, 20, 8, 3, 30, 24, 38, 12, 28, 29, 45, 27 >
< L28, 34, 32, 14, 37, 49, 15, 15, 35, 13, 13, 17, 18, 50, 36, 8, 6, 3, 13, 19, 24, 23, 23, 3, 46, 11, 16, 25, 41, 13, 1, 38, 46, 34, 4, 34, 34, 20, 48, 18, 34, 10, 36, 1, 9, 24, 9, 16, 28 >
< L29, 35, 1, 45, 7, 6, 42, 19, 23, 18, 12, 35, 18, 1, 30, 4, 4, 14, 39, 25, 13, 7, 8, 23 >
< L30, 11, 33, 19, 21, 49, 46, 43, 35, 49, 40, 43, 6, 31, 12, 28, 49, 23, 13, 18, 25, 42, 23, 31, 7, 12, 5, 20, 20, 13, 44, 13, 23, 28, 32, 43, 26, 29, 37, 12, 29, 26, 5, 34, 7 >
< L31, 12, 7, 42, 24, 24, 16, 17, 49, 46, 24, 10, 1, 43, 29, 15, 38, 43, 37 >
< L32, 26, 31, 43, 7, 17, 4, 35, 43, 10, 19, 1, 27, 30, 7, 18 >
< L33, 32, 34, 21, 30, 31 >
< L34, 41, 31, 38, 19, 47, 27, 14, 33, 42, 39, 15, 36, 45, 32, 39, 30, 26, 49, 50, 26, 27, 31, 32, 45, 35, 15, 30, 5, 45, 12, 1, 37, 45, 40, 6, 41, 17, 19, 26, 10, 9, 40, 45, 6 >
< L35, 33, 35, 46, 33, 36, 23, 10, 16, 4, 6, 50, 21, 37, 6, 17, 48, 6, 3, 42, 48, 10 >
< L36, 14, 28, 10, 25, 39, 49, 19, 44, 20, 3, 30, 17, 38, 15, 40, 49, 32, 45, 4, 31, 15, 42, 38, 31, 39, 46, 36, 33, 43, 45, 17, 8, 25, 26, 32 >
< L37, 24, 50, 6, 45, 2, 37, 14, 41, 3, 5, 39, 34, 49 >
< L38, 16, 16, 35, 3, 48, 24, 48, 33, 8, 40, 28, 26, 47, 2, 1, 30, 16, 26, 29, 23, 23, 33, 9, 36, 23, 11, 42, 12, 46, 42, 5, 11, 7, 40, 13, 7, 15, 11, 39, 24, 2, 18 >
< L39, 1, 21, 1, 30, 36, 26, 11, 8, 50, 43, 16, 37, 17, 28, 28, 30, 23, 20, 37, 33, 28, 28, 46, 34, 42, 8, 25, 17, 11, 44, 15, 11, 15, 15, 43, 50, 42, 3, 8, 42, 47, 25, 28, 15, 3, 8, 45, 25, 27 >
< L40, 10, 6, 10, 7, 42, 1, 16, 18, 19, 26, 11, 33, 39, 25, 49, 31, 27, 40, 35, 36, 33, 31, 10, 11, 45, 14, 18, 41, 41, 46, 23 >
< L41, 1, 32, 6, 44, 34, 21, 11, 2, 48, 22, 34, 36, 48, 34, 18, 26, 24, 2, 11, 8, 34, 23, 18, 31, 36, 37, 21, 26, 34, 44, 25, 37, 25, 32, 30, 9, 4, 41, 10, 2, 12, 46, 39, 11, 31, 9, 37, 4, 10, 49 >
< L42, 46, 21, 31, 26, 7, 20, 46, 32, 3, 41, 9, 39 >
< L43, 40, 21, 26, 44, 11, 37, 47, 24, 34, 35, 34, 15, 43, 22, 20, 5 >
