< L0, 2, 41, 14, 27, 47, 35, 24, 31, 39, 15, 39, 30, 32, 28, 50, 7, 23, 10, 43, 21, 33, 27, 8, 16, 41, 2, 38, 10, 6, 10, 45, 9, 50 >
< L1, 35, 47, 44, 9, 29, 32, 25, 17 >
< L2, 6, 46, 12, 12, 21, 21, 6, 41, 5, 32, 48, 23, 24 >
< L3, 12, 36, 7, 21, 30, 16, 20, 39, 50, 18, 34, 10, 46, 15, 34, 14, 28, 39, 10, 41, 2, 30, 12, 8, 20, 18, 41, 18, 40, 17, 17, 1, 2, 25, 21, 33, 40, 43, 23, 40, 10, 6, 1, 8, 22, 35, 21, 1, 25, 32 >
< L4, 27, 11, 5, 36, 33, 22, 26, 50, 14, 42, 18, 14, 45, 42, 37, 29, 32, 29, 1, 23, 40, 6, 23, 49, 30, 9, 20, 30, 36, 3, 21, 14, 14, 27, 49, 46, 49, 24, 47, 14, 18, 16 >
< L5, 12, 9, 15, 43, 42, 45, 43, 14, 37, 1, 39, 35, 30, 49, 6, 9, 34, 9, 32, 47, 24, 8, 47, 19, 8, 23, 17 >
< L6, 40, 32, 50, 3, 40, 14, 45, 32, 11, 38, 47, 47, 40, 37, 31, 19, 38, 39, 29, 23, 49 >
< L7, 22, 22, 20, 18, 42, 27, 40, 8, 50, 29 >
< L8, 49, 34, 32, 14, 28, 15, 24, 17, 12, 20, 6, 50, 3, 26, 37, 43, 5, 10, 41, 16, 31, 12, 35, 48, 5, 14, 40, 12, 13, 20, 4, 13, 3, 35, 26, 33, 50, 2, 49, 11, 21 >
< L9, 12, 25, 34, 49, 17, 38, 10 >
< L10, 4, 40, 22, 40, 39, 26, 3, 28, 39 >
< L11, 50, 42, 29, 2, 27, 5, 34, 26, 6, 35, 38, 28, 43, 49, 5 >
< L12, 49, 23, 16, 8, 32, 19, 49, 5, 10, 38, 31, 13, 17, 19, 29, 16, 11, 8, 20, 39, 14, 3, 14, 21, 39, 1 >
< L13, 31, 1, 6, 7, 50, 29, 22, 7, 12, 42, 6, 16, 3, 45, 48, 15, 13, 19, 46, 29, 31, 5, 48, 19, 20, 2, 32, 40, 41, 34, 41, 21, 34, 47, 29, 33, 27, 2, 42, 38, 45, 47, 5, 48, 43, 5, 14, 5, 23, 9 >
< L14, 3, 15, 32, 21, 34, 36, 4, 23, 26, 37, 16, 48, 22, 12, 29, 5, 40, 30, 48, 29, 27, 46, 33, 24, 38, 39, 37, 42, 11, 48, 29, 15, 12, 10, 35 >
< L15, 47, 40, 20, 22, 26, 35, 22, 50, 48, 50, 4, 37, 31, 3, 15, 7, 48, 50, 30, 35, 38, 19, 28, 1, 16, 6, 15, 29, 18, 50, 24, 14, 41, 46, 38, 19, 30, 11, 18, 30, 10, 23, 18, 42, 25, 35 >
< L16, 22, 34, 30, 8, 23, 50, 35, 23, 17, 43, 38, 46, 10, 39, 21, 25, 29, 16, 12, 47, 46, 22, 14, 27, 33, 36, 44, 27, 10, 28, 27, 33, 13, 8, 40, 36, 8, 25, 8, 24, 19, 47, 21, 28, 35, 42, 4, 14, 7 >
< L17, 12, 4, 41, 26, 30, 24, 13, 26, 50, 25, 5, 28, 7, 18, 35, 47, 5, 42 >
< L18, 14, 18, 41, 11, 38, 20, 45, 29, 23, 10, 36, 42, 22, 41, 33, 49, 21, 6, 11, 48, 7, 35, 2 >
< L19, 44, 21, 18, 40, 25, 12, 14, 41, 29, 6, 1, 18, 25, 45, 47, 49, 7, 34, 41, 28, 24, 23, 26, 46, 30, 38, 43, 38, 25, 47, 23, 18, 19, 42 >
< L20, 46, 3, 22, 36, 33, 27, 36, 1, 3 >
