< L0, 3, 38, 34, 43, 17, 7, 17, 44, 5, 48, 32, 49, 35, 6, 47, 9, 23, 16, 1, 31, 11, 5, 4, 46, 38, 32, 31, 40, 34, 12, 38, 36, 2, 21, 31, 18, 29, 49, 12, 33, 47, 45, 34, 33, 50, 30, 44, 24, 45 >
< L1, 6, 7, 50, 11, 2, 37, 42, 34, 26, 27, 46, 15, 14, 49, 37, 44, 16, 16, 45, 29, 50, 43, 23, 35, 25, 24, 15, 20, 47, 11, 13, 4, 18, 13, 14, 19, 1, 5, 3, 29, 31, 50, 43, 45 >
< L2, 32, 40, 15, 47, 34, 46, 48, 26, 18, 33, 3, 44, 49, 22, 40, 9, 37, 44, 26, 1, 7, 47, 1, 14, 49, 29, 44, 50, 24, 40, 47, 5, 30, 13, 3, 15, 8, 2, 41, 28, 34, 45, 21, 32, 16, 12, 43, 4 >
< L3, 18, 4, 16, 14, 5, 29, 14 >
< L4, 24, 13, 10, 14, 11, 16, 45, 24, 20, 9, 33, 22, 1, 12, 7, 45, 34, 41, 13, 46, 33, 16, 4, 2, 20, 19, 16, 26, 49, 29, 10, 25, 44, 20, 38 >
< L5, 37, 34, 29, 7 >
< L6, 12, 28, 43, 25, 36, 39, 9, 26, 1, 6, 8, 17, 11, 10, 38, 30, 27, 13, 30, 7, 22, 4, 50, 43, 43, 6, 32, 26, 34, 38, 20, 47, 17, 14, 22, 2, 2, 32, 28, 5, 39, 37 >
< L7, 49, 48, 10, 30, 24, 22, 10, 33, 45, 15, 34, 40, 10, 39, 21, 35, 25, 8, 6, 21, 26, 19, 44 >
< L8, 23, 27, 6, 29, 15, 43, 1, 14, 40, 10, 45, 16, 31, 6, 50, 27, 21, 33, 16, 32, 24, 38, 16, 50, 45, 24, 20 >
< L9, 44, 16, 49, 18, 42, 4, 46, 7, 48, 46, 22, 40, 5, 18, 7, 37, 24, 6, 14, 46, 40, 31 >
< L10, 15, 19, 44, 14, 15, 19, 36, 37, 13, 1, 37, 30, 42, 40, 26, 50, 40, 23, 23, 29, 28, 43, 35, 16, 16, 40, 29 >
< L11, 31, 12, 41, 46, 30, 36, 11, 46, 5, 46, 32, 17, 46 >
< L12, 48, 40, 10, 25, 41, 49, 48, 16, 29, 27, 8, 13, 42, 25, 4, 23, 39, 34 >
< L13, 29, 31, 15, 16, 42, 10, 20, 37, 42, 38, 35, 11, 38, 26, 22, 12, 18, 20, 9, 33, 50, 35, 42, 12, 29, 16, 17, 1, 4, 3, 34, 34, 33, 48 >
< L14, 26, 9, 21, 15, 50, 9, 49, 13, 46, 26, 34, 9, 43, 6, 18, 28, 5, 4, 19, 19, 32, 35, 35, 34, 40, 37, 17, 24, 22, 16, 25, 49, 25, 45, 13, 26, 5, 13, 40, 50, 38, 24, 11, 33, 29, 28, 10, 35, 33, 28 >
< L15, 17, 14, 40 >
< L16, 4, 28, 19, 29, 1, 36, 3, 50, 10, 47, 12, 38, 4, 25, 27, 5, 14, 2, 15, 46, 32, 42, 5, 17, 27, 35, 21, 43, 48, 12, 44, 1, 40, 12, 29, 40, 48, 33, 41, 9, 32, 3, 48, 35, 29, 27, 39, 42, 28, 4 >
< L17, 10, 47, 44, 26, 23, 30, 48, 17, 28, 10, 11, 28, 49, 24, 9, 40, 23, 41, 33, 34, 24, 35, 31, 8, 15, 7, 47, 6, 37, 50, 45, 46, 48, 41, 23, 21, 20, 20, 39, 49 >
< L18, 1, 29, 31, 27, 37, 23, 49, 29, 5, 32, 3, 39, 15, 12, 3, 23, 10, 10, 11, 11, 7, 6, 9, 49, 30, 31, 20, 2, 19, 19, 32 >
< L19, 47, 15, 48, 35, 37, 46, 15, 41, 30, 19, 31, 46, 33, 35, 20, 42, 44, 31, 3, 2, 38, 11 >
< L20, 18, 41 >
< L21, 19, 11, 42, 2, 32, 40, 16, 29, 24, 2, 27, 40, 44, 8, 11, 24, 5, 43, 8, 24, 34, 4 >
< L22, 38, 7, 42, 48 >
< L23, 9, 40, 30, 29, 3, 21, 32, 34, 10 >
< L24, 15, 35, 1, 43, 26, 47, 50, 38, 20, 4, 30, 30, 29, 16, 33, 33, 3, 41, 24, 3, 49, 34, 44, 30, 14, 46, 2, 45, 32, 13, 44, 46, 49, 47, 38, 25, 45, 39, 12, 14, 44, 44, 45, 22, 11, 29, 4, 15, 20, 29 >
< L25, 18, 14, 13, 50, 27, 8, 1, 24, 39, 14, 19, 36, 12, 17, 25, 38, 11 >
< L26, 2, 27, 8, 45, 21, 30, 5, 50, 35, 21, 19, 16, 38 >
< L27, 29, 2, 37, 8, 9, 40, 31, 50, 3, 49, 35, 16, 18, 10, 4, 28, 24, 5, 6, 32, 1, 27, 13, 5, 28, 49, 25, 46, 16, 14, 35, 47, 17, 22, 4, 28, 13, 36 >
< L28, 15, 36, 13, 30, 3, 24, 35, 33, 48, 39, 38, 31, 39, 14, 45, 45, 41, 45, 22, 38, 13, 37, 23, 9, 4, 46, 12 >
< L29, 8, 47, 7, 24, 32, 21, 5, 37, 45, 40, 19, 42, 30, 6, 24, 21, 22, 20, 15, 14, 14, 38, 4, 26, 25, 28, 36, 28, 25, 49, 10 >
< L30, 45, 18, 7, 29, 38, 13, 17, 32, 2, 35, 25, 34, 42, 50, 4, 15, 19, 20, 31, 35, 8, 34, 12, 32, 11, 48, 11, 37, 46, 20, 20, 43, 37, 28 >
< L31, 24, 40, 39, 8, 44, 25, 34, 27, 16, 34, 32, 31, 4, 1, 11, 40, 8, 46, 2, 39, 8, 1, 1 >
