< L0, 20, 15, 42, 8, 42, 14, 34, 31, 4, 41, 26, 28, 26, 4, 46, 9, 35, 28, 15, 36, 38, 4, 45, 35, 5, 34, 42, 7, 34, 37, 7, 6, 1, 48, 13, 42, 14, 46, 24, 17, 38, 50, 47, 14, 5, 42, 24, 40 >
< L1, 38, 27, 8, 42, 21, 44, 48, 6, 35, 7, 42, 21, 13, 47, 23, 10, 11, 14, 23 >
< L2, 39, 42, 46, 40, 40, 9, 45 >
< L3, 33, 36, 1, 20, 12, 10, 13, 32, 3, 13, 38, 39, 19, 29, 11, 31, 27, 33, 40, 37, 48, 15, 45, 36, 8, 41, 26, 47, 49, 22, 29, 33, 7 >
< L4, 5, 18, 42, 19, 1, 46, 31, 38, 34, 49, 18, 46, 29, 46, 28, 21, 35, 27, 37, 29, 12, 44, 19, 39, 42, 20, 10, 22, 4, 16, 2 >
< L5, 33, 45, 27, 34, 40, 7, 23, 25 >
< L6, 43, 20, 38, 38, 49, 8, 24, 25 >
< L7, 3, 38, 39, 23, 27, 32, 42, 36, 3, 48, 2, 6, 5, 36, 50, 33, 21, 41, 42, 44, 15, 1, 38, 36, 38, 27, 34, 46, 1, 8, 41, 3, 48, 32, 27, 24, 13, 21, 11, 16, 18, 14, 23, 24 >
< L8, 23, 9, 22, 13, 50, 17, 30, 50, 4, 15, 37, 33, 49, 34, 33, 8, 25, 37, 7, 8, 13, 30, 20, 33, 41, 37, 2, 6, 10, 26, 7, 32, 34, 29, 46, 35, 45, 27, 36, 1, 42, 22, 33, 42, 8, 17, 1, 34, 3, 8 >
< L9, 17, 39, 10, 2, 31, 47, 3, 37, 6, 30, 43, 39, 13, 21, 34, 47, 18, 13, 32, 18, 4, 6, 50, 47, 13, 18, 47, 46, 20, 6, 38, 38, 45, 47, 39, 25, 43, 44, 11, 50, 23 >
< L10, 38, 36, 24, 24 >
< L11, 43, 36, 18, 10, 41, 25, 11, 37, 39, 28, 33, 36, 49, 39, 23, 39, 33, 19, 27, 9, 14, 20, 20, 13, 45, 23, 3, 32, 48, 26, 15, 41, 13, 34 >
< L12, 3, 8 >
< L13, 39, 48, 42, 23, 33, 43, 13, 5, 31, 47, 26, 9, 6 >
< L14, 31, 25, 3, 25, 49, 7, 6, 48, 34, 22, 40, 46, 6, 42, 50, 15, 6, 40, 13, 49, 15, 47, 41, 27, 4, 23, 26, 29, 32, 33, 19, 12, 7, 23, 36, 7, 30, 41, 6, 15, 12 >
< L15, 11, 19, 39, 12, 34, 44, 2, 48, 44, 16, 44, 35, 44, 47, 7, 21, 27, 38, 3, 47, 1, 11, 20, 36, 17, 1, 28, 23, 15, 42, 20, 27, 10, 8, 39, 45, 3, 42, 44, 46, 7, 40, 32, 2, 38, 39 >
< L16, 15, 28, 25, 11, 31, 36, 32, 16, 4, 32, 46, 28, 49, 37, 47, 25, 48, 4, 13, 45, 8, 6, 40 >
< L17, 14, 31, 35, 16 >
< L18, 25, 40, 35, 5, 16, 47, 35, 3, 31, 2, 7, 12, 47, 36, 12, 35, 33, 37, 35 >
< L19, 1, 31, 46, 7, 22, 1, 20, 3, 35, 37, 21, 12, 28, 7, 16, 44, 3, 2, 46, 33, 3, 4, 47, 2, 40, 8, 36, 24, 46, 22, 13, 47, 4, 10, 5, 26, 10, 26 >
< L20, 45, 15, 50, 8, 42, 6, 23, 35, 10, 24, 33, 45, 28, 38, 41, 29, 29, 50, 17, 4, 46, 38, 17, 44, 42, 26, 50, 19 >
< L21, 27, 46, 32, 41, 45, 39, 33, 2, 13, 19, 11, 38, 3, 5, 15, 41, 47, 46, 21, 47, 12, 25, 44, 1, 41, 39, 44, 16, 40, 12, 3, 16, 9, 34, 7, 3 >
< L22, 41, 4, 38, 9, 17, 25, 12, 21, 42, 4, 18, 37, 24, 16, 50, 48, 11, 2, 38, 1, 46, 6, 40, 9 >
< L23, 5, 18, 44, 13, 20, 19, 3, 26 >
< L24, 14, 42, 31, 27, 14, 24, 30 >
< L25, 12, 3, 50, 13, 3, 10, 15, 42, 12, 10, 47, 1, 20, 7, 8, 37, 2, 22, 7, 20, 27, 34, 26, 40, 27, 9, 16, 40, 34, 47, 25, 46, 49 >
< L26, 8, 3, 36, 24, 45, 47, 35, 43, 50, 5, 49, 9, 41, 2, 30, 49, 22, 6, 32, 49, 47, 10, 7, 12 >
< L27, 43, 8, 26, 38, 9, 1, 47, 11, 36, 23, 7, 35, 7, 50, 34, 11, 50, 44, 4, 2, 23, 2, 25, 31, 36, 23, 27, 45, 32, 39, 46, 24, 48, 21, 13, 6, 24, 11, 19, 9, 33, 25, 45, 42, 26, 30, 4, 26, 23, 7 >
< L28, 46, 11, 3, 28, 46, 27, 4, 42, 10, 44, 38, 33, 42, 10, 47, 49, 33, 8, 19, 44, 42, 44, 38, 33, 21, 18, 37, 46, 42 >
< L29, 26, 39, 5, 28, 16, 50, 7, 20, 42, 16, 13, 31, 1, 6, 40, 47, 5, 23, 6, 23, 18, 48, 18, 5, 32, 39, 24, 18, 36, 16, 13, 12, 4, 17, 41, 22, 19, 47, 41, 10, 15, 5, 40 >
< L30, 11, 31, 11, 17, 5, 17, 41, 22, 16, 9, 29, 47, 49, 2, 17 >
< L31, 19, 31, 47, 23, 47, 40, 46, 15, 38, 36, 26, 2, 42, 17, 16, 2, 50, 27, 20, 4, 45, 11, 26, 12, 19, 4, 10, 19, 7, 26, 4, 26, 6, 3, 50, 5 >
< L32, 45, 21, 29, 32, 49, 31, 23, 15, 48, 27, 14, 26, 46, 20, 20, 6, 47, 33, 26, 2, 43, 46, 8, 18, 50, 35, 26, 4, 34, 30, 45, 28, 50, 25, 9, 50, 7, 34, 15, 5, 10, 30 >
< L33, 7, 1, 2, 13, 47, 36, 40, 50, 28, 38, 8, 48, 37, 44, 23, 40, 28, 4, 36, 7, 5, 12, 18, 5, 19, 1, 21, 25, 12, 50 >
< L34, 18, 3, 9, 32, 49, 45 >
< L35, 49, 22, 11, 8, 21, 47, 1, 43, 38, 30, 48, 25, 37, 3, 38, 6, 7, 8, 6, 27, 32, 17, 28, 40 >
< L36, 30, 48, 18, 31, 44, 41, 31, 18, 1, 40, 38, 49, 42, 33, 38, 22, 30, 12, 10, 32, 49, 15, 40, 9, 20, 18, 40, 38, 46, 31, 23, 27, 31, 40, 7, 24 >
< L37, 39, 43, 32, 28, 33, 30, 20, 15, 19, 41, 46, 30, 50, 30, 31, 16, 19, 39, 37, 37, 30, 24, 34, 13, 48, 10, 43, 40, 19, 18, 21, 7 >
< L38, 5, 35, 45, 36, 4, 9, 5, 46, 6, 36, 47, 35, 16 >
< L39, 6, 6, 48, 42, 38, 21, 27, 2, 20, 36, 44, 9 >
< L40, 13, 30, 13, 25, 34, 47 >
< L41, 19, 2, 31, 25, 47, 37, 11, 43, 21, 28, 6, 26, 34, 3, 19, 23, 25, 45, 24, 44, 33 >
< L42, 5, 38, 33, 34, 50, 10, 19, 48, 30, 39, 49, 11, 14, 47, 47, 24, 41, 19, 1 >
< L43, 45, 36, 48, 15, 10, 24, 12, 35, 18, 44, 3, 22, 33, 38, 7, 35, 47, 27, 34, 26, 17, 33, 36, 32, 31, 32, 5, 22, 1, 8, 19, 47, 45, 17, 11, 7, 42, 24, 41, 11, 17, 46, 34, 2, 33, 42 >
