< L0, 18, 21, 4, 35, 3, 40, 16, 36, 23, 23, 9, 25, 32, 27, 21, 28, 45, 34, 34, 37, 7, 25, 47, 26, 20, 31, 29, 2, 22 >
< L1, 30, 42, 36, 35, 28, 41, 24, 45, 26, 49, 19, 34, 23, 50, 10, 46 >
< L2, 7, 31, 13, 43, 39, 37, 41, 14, 8, 23, 44, 11, 47, 9, 42, 38, 45, 27, 17, 35, 2, 11, 12, 50, 30, 47, 25, 31, 8, 20 >
< L3, 14, 50, 23, 6, 38, 11, 49, 4, 21, 21 >
< L4, 31, 17, 8, 23, 6, 4, 49, 22, 38, 50, 33, 1, 2, 14, 47, 26, 46, 4, 47, 6, 20, 46, 30, 25, 35, 42, 25, 40, 12, 46, 39, 45, 12, 48, 17, 18, 1, 17, 39, 40, 18, 23, 40, 19, 38, 38, 46 >
< L5, 41, 42, 41, 10, 39, 22, 37, 26, 13, 11, 15, 27, 8, 5, 21, 20, 2, 39, 39, 2, 5, 29, 41, 22, 4, 32, 43, 41, 19, 38, 26, 12, 30, 16 >
< L6, 18, 39, 9, 43, 4, 22, 10, 30, 31, 16, 2, 2, 18, 40, 40, 21, 46, 21, 12, 19, 24 >
< L7, 11, 16, 14, 49, 42, 25, 30, 9, 47, 49, 48, 8, 44, 1, 29, 3, 32, 11, 20, 35, 13, 37, 26, 2, 10, 21, 24, 23, 39, 49, 17, 2, 15, 30, 2, 8, 4, 31, 18, 3, 29, 15, 10, 24, 17 >
< L8, 28, 50, 50, 48, 34, 12, 34, 9, 16, 45, 31, 39, 17, 20, 38, 34, 23, 4, 13, 24, 11, 19, 6, 28, 23, 34, 45, 32, 10, 13, 21, 37, 13, 22, 34, 48, 34, 20, 9, 49 >
< L9, 39, 39, 31, 10, 28, 14, 32, 31, 28, 7, 41, 48, 12, 21 >
< L10, 48, 15, 3, 7, 29, 25, 43, 43, 47, 27, 41, 30, 46, 49, 30, 9, 39, 20, 41, 49 >
< L11, 6, 32, 28, 36, 39, 21, 33, 2, 41, 5, 49, 7, 9, 5, 35, 34, 48, 28, 30, 26, 20, 11, 21, 20, 42, 31, 10, 11, 24, 10, 8, 29, 42, 38, 14, 32, 8, 49, 33, 50, 5, 32, 8, 13, 38, 44, 46, 35 >
< L12, 25, 10, 42, 37, 32, 13, 28, 15, 23, 39, 38, 32, 48, 16, 25, 35, 32, 8, 44, 30, 41, 43, 36 >
< L13, 2, 48, 11, 46, 46, 48, 18, 22, 9, 10, 9, 43, 24, 36, 7, 46, 26, 44, 30, 24, 11, 4, 8, 42 >
< L14, 4, 23, 4, 48, 8, 29, 50, 6, 41, 45, 1, 38 >
< L15, 22, 49, 23, 32, 41, 47, 18, 49, 44, 43, 42, 23 >
< L16, 4, 29, 28, 46, 42, 31, 18, 47, 28, 28, 25, 27, 33, 15, 21, 35, 5, 35 >
< L17, 3, 7, 40, 45, 5, 9, 43, 49 >
< L18, 36 >
< L19, 21, 39, 1, 48, 36, 44, 28, 4, 40, 7, 31, 14, 34, 15, 31, 6, 1, 35, 42, 8, 39, 49, 49 >
< L20, 5, 7, 27, 3, 10, 12, 26, 30, 2, 28, 27, 38, 22, 4, 43, 11, 10, 25, 27, 45, 41, 7, 3, 41, 43, 44, 50, 33, 44, 49, 17, 49, 5, 43, 1 >
< L21, 6, 28, 43, 9, 8, 19, 46, 29, 24, 40, 41, 36, 14, 19 >
< L22, 6, 27, 34, 46, 19, 28, 48, 3, 21, 46, 19, 19, 2, 11, 22, 16, 18, 1, 10, 27, 8, 31, 24, 36, 4, 14, 29, 39, 29, 49 >
< L23, 37, 26, 4, 32, 46, 33, 31, 49, 4, 26, 17, 24, 28, 30, 47, 45, 49, 48, 6, 25, 5 >
< L24, 1, 43, 40, 16, 23, 30, 44, 21, 2, 32, 46, 8, 14, 44, 40, 46, 44, 45, 22, 10, 21, 1, 41, 17, 47, 40, 14, 2, 16, 21, 38, 16, 13, 29, 33, 35 >
< L25, 29, 5, 12, 10, 3, 21, 25, 48, 10, 21 >
< L26, 7, 44, 2, 27, 46, 43, 45, 42, 34, 9, 45, 1, 31, 34, 19, 43, 14, 1, 29, 24, 29, 35, 37, 39, 39, 7, 13, 36, 18, 33, 26, 24, 26, 30, 2, 23, 24, 47, 14, 7, 7 >
< L27, 9, 37, 46, 27, 29, 10, 28, 9, 35, 6, 43 >
< L28, 46, 32, 29, 9, 17, 46, 43, 45, 22, 21, 24, 23, 43, 49, 19, 9, 5, 25, 19, 13, 13 >
< L29, 42, 43, 25, 19, 1, 9, 26, 44, 31, 22, 27, 9, 32, 45 >
< L30, 24, 39, 30, 44, 14, 2, 37 >
< L31, 23, 45, 18, 49, 15, 33, 12, 30, 24, 4, 5, 44 >
< L32, 13, 19, 50, 46, 42 >
< L33, 4, 23, 20, 12, 49, 11, 43, 42, 24, 47, 30, 38, 19, 26, 5, 17, 42, 39, 30, 22, 12, 34, 26, 5, 40, 40 >
< L34, 39, 35, 17, 16, 41, 42, 37, 4, 40, 47, 47, 33, 23, 43, 15, 12, 13, 40, 18, 31, 32, 7, 11, 5, 18, 46 >
< L35, 25, 35, 21, 2, 25, 6, 18, 42, 48, 11, 28, 1, 50, 27, 49, 35, 1, 41, 49, 12, 5, 38, 29, 36, 21, 37, 46, 25, 7, 41 >
