< L0, 9, 18, 1, 32, 21, 46, 45, 34, 41, 39, 12, 8, 10, 29, 46, 5, 34, 17, 43, 37, 38, 24, 47, 21, 8, 15, 48, 17, 8, 25, 9, 18, 44, 11, 50, 15, 8, 44, 50, 48, 34, 13, 7 >
< L1, 43, 5, 50, 27, 21, 44, 13, 9, 17, 9, 29, 26, 25, 26, 42, 34, 3, 2, 4, 46, 12, 3, 12, 19, 48, 13, 17, 32, 26, 23, 26, 18, 29, 25, 46, 50, 20, 8, 8, 39, 19, 38, 14 >
< L2, 16, 6, 29, 18, 7, 32, 15, 19, 36, 29, 39, 33, 41, 7, 16, 18, 32, 44, 38, 10, 20, 33, 9, 40, 43, 18, 28, 13, 8, 41, 7, 23, 48, 35, 42, 5, 18, 8, 25, 5, 38, 15, 40, 31, 22 >
< L3, 48, 3, 50, 37, 14 >
< L4, 20, 23, 11, 14, 42, 38, 26, 49, 30, 32, 23, 28, 19, 16, 32, 38, 26, 8, 43, 13 >
< L5, 32, 43, 43, 38, 41, 47, 38, 29, 11, 9, 50, 35, 19, 13, 26, 8, 40, 27, 37, 24, 1, 14 >
< L6, 17, 45, 31, 42, 2, 23, 6, 26, 6, 49, 18, 46, 41, 15, 35, 19, 27, 43, 19, 11, 13, 33, 38, 20, 23, 14, 6, 46, 15, 20, 37, 33, 16, 19, 26, 20, 42, 31, 45, 49, 29, 12 >
< L7, 21, 28, 28, 40, 4, 22, 8, 16, 34, 42, 4, 5, 14, 19, 11, 9, 33, 32, 47, 17, 47, 16, 42, 16, 9, 25, 10, 9, 5, 24, 3, 26, 1, 32, 15, 7, 6, 24, 22, 39, 15, 27, 46, 31 >
< L8, 6, 39, 30, 37, 38, 47, 33, 3, 40, 1, 13, 16, 12, 21, 21, 35, 25, 46, 38, 9, 12, 44, 14, 35, 17, 4, 1, 44, 49, 31, 41, 4, 22, 20, 42, 9, 18, 27, 13, 10, 27, 27, 25, 40, 47, 45 >
< L9, 24, 42, 12, 32, 3, 7, 45, 39, 25, 48, 40, 20, 49, 22, 10, 4, 45, 32, 46, 3, 1, 24, 17, 10, 50 >
< L10, 37, 41, 40, 33, 15, 15, 25, 28, 46, 27, 34, 42, 16, 9, 41, 7, 28, 39, 28, 40, 43, 23, 21, 38, 27, 21, 11, 44, 33, 12, 36, 19, 2, 27, 3, 19, 41, 27, 46, 38, 4, 30, 29 >
< L11, 40, 20, 27, 19, 8, 6, 8, 2, 30, 28, 41, 7, 1, 3, 2, 35, 14, 39, 5, 18, 18 >
< L12, 38, 10, 34, 33, 48, 39, 14 >
< L13, 9, 5, 47, 35, 24, 7, 42, 31, 8, 22, 11, 49, 28, 13, 1, 31, 47, 17, 19, 3, 36, 36, 9, 25, 48, 44 >
< L14, 45, 32, 23, 22, 42, 27, 21 >
< L15, 50, 27, 18, 33, 36, 41, 45, 36, 18, 7, 39, 50, 5, 7, 20, 7, 42, 8, 17, 18, 5, 11, 24, 49, 44, 48 >
< L16, 36, 25, 42, 13, 26, 18, 32, 8, 6, 22, 2, 41, 41, 10, 29, 40, 14, 35, 10, 22, 28, 19 >
< L17, 45, 23, 1, 21, 23, 44, 18, 44, 29, 44, 36, 44, 20, 5, 25, 29, 10, 47, 33, 1, 37, 44, 31, 29, 10, 16, 38, 31, 45, 8, 21, 42, 30, 21, 14, 2, 17, 31, 47 >
< L18, 27, 32, 40, 48, 37, 15, 26, 48, 11, 10, 48, 47, 4, 29, 27, 13, 46, 14, 45, 42, 23, 16, 33, 2, 36, 46, 5, 2, 29, 2, 49, 5, 35, 38, 4, 21, 4, 29, 19, 14, 41, 18, 13, 46, 48 >
< L19, 8, 43, 5, 2, 35, 27, 19, 19, 31, 7, 15, 35, 8, 45, 38, 8, 1, 23, 48, 4, 43, 1, 34, 13, 17, 24, 33, 31, 19, 30, 19, 28, 25, 25, 32, 9, 2, 50, 29 >
< L20, 6, 45, 18, 16, 39, 6, 25, 39, 28, 22, 44, 22, 25, 28, 37, 43, 3, 19, 23, 24, 50, 41, 3, 24, 18, 34, 34, 21, 34, 13, 4, 39, 7, 23 >
< L21, 46, 28, 31, 36, 7, 4 >
< L22, 31, 28, 9, 19, 20, 13, 39, 42, 36, 38, 35, 39, 12, 2, 24, 45, 24, 7, 9, 27, 48, 16, 49, 5, 13, 29, 35, 48, 37, 39, 29, 17 >
< L23, 39, 35, 40, 4, 23, 31, 41, 13, 17, 31, 24, 20, 5, 20, 43, 13, 29, 21 >
< L24, 46, 20, 17, 8, 50, 1, 7, 36, 41, 38, 5, 9 >
< L25, 39, 48, 31, 14, 30, 22, 28, 49, 2, 1, 18, 6, 22, 13, 19, 2, 33, 32, 47, 4, 48, 6, 3, 49, 13, 41, 41, 50 >
< L26, 49, 27, 35, 48, 10, 48, 28, 31, 27, 26, 32, 27, 45, 40, 1, 7, 10, 4, 42, 41, 1, 45, 39, 6, 50, 39, 20, 40, 29, 21, 34, 30, 50, 18, 27, 9, 18, 6, 39, 44, 33, 22, 23, 28, 11 >
< L27, 36, 20, 28, 27, 13, 30, 22, 1, 38, 23, 39, 7, 12, 19, 30, 45, 48, 29, 14, 25, 37, 33, 32, 25, 27 >
