< L0, 27, 31, 6, 18, 29, 10, 1, 43, 31 >
< L1, 4, 28, 29, 5, 48, 49, 40, 26, 43, 33, 15, 32, 33, 17 >
< L2, 14, 31, 33, 42, 19, 44, 21, 49, 49, 40, 27, 10, 40, 19, 43, 5, 24, 22, 35, 30, 19, 34, 19, 46, 26, 1, 10, 7, 34, 28, 42, 49, 11, 25 >
< L3, 29, 18, 12, 27, 18, 3, 5, 29, 42, 25, 21, 49, 48, 42, 33, 28, 12, 16, 48, 9, 44, 1, 18, 50, 36, 48, 42, 36, 8, 18, 29, 36, 37, 43, 14, 4, 45, 18, 34, 37, 44, 7 >
< L4, 41, 48, 19, 20, 12, 35, 20, 20, 28, 20, 40, 29, 7, 39, 22, 42, 46, 39, 20, 33, 25, 12, 48, 30, 7, 17, 16, 45, 10, 22, 31, 2, 21, 49, 24 >
< L5, 35, 43, 4, 12, 14, 45, 43, 20, 35, 14, 13, 30, 5, 32, 14, 29, 46, 11, 11, 4, 27, 26, 48, 36, 49, 30, 39, 19, 30, 12, 3, 15 >
< L6, 8, 28, 19, 4, 22, 38 >
< L7, 36, 50, 17, 40, 34, 32, 20, 31, 42, 32, 34, 20, 9, 33, 5, 7, 14, 45, 26, 43, 7, 30, 9, 12, 37, 37, 33, 40, 8, 20, 29, 45, 22, 45, 34, 7, 28, 6 >
< L8, 19, 37, 22, 38, 46, 4, 44, 4, 17, 40, 29, 11, 46, 10, 20, 10, 46, 8, 42, 37, 17, 13, 15, 12, 36, 11, 47, 44, 38, 4, 32, 8, 43, 3, 47, 38, 8 >
< L9, 41, 26, 32, 22, 37, 29, 31, 8, 40, 29, 17, 31, 17, 33, 46, 32, 46, 33, 44, 45, 27, 34, 48, 8, 41, 40, 13, 40, 29, 22, 31, 22, 48, 12, 45, 36, 43, 27, 45, 32, 7, 11 >
< L10, 24, 43, 10, 7, 41, 42, 50, 35, 20, 33, 34, 30, 26, 26, 42 >
< L11, 6, 15, 47, 27, 14, 11, 23, 49, 3, 50, 45, 34, 8, 5, 48 >
< L12, 50, 9, 37, 42, 3, 39, 26, 22, 23, 11, 1, 48, 36, 44, 14, 44, 9, 11, 22, 22, 21, 45, 23, 25, 46, 19, 10, 3, 24, 10, 36 >
< L13, 18, 24, 16, 22, 12, 43, 44, 37, 5, 46, 36, 43, 42, 50, 36, 2, 12, 7, 25, 34, 1, 49, 8, 48, 18 >
< L14, 1, 43, 28, 36, 17, 46, 11, 34, 17, 23, 26, 12, 9, 30, 10, 44, 22 >
< L15, 45, 7, 4 >
< L16, 16, 30, 41, 16, 29, 50, 14, 46 >
< L17, 16, 38, 46, 3, 6, 43, 13, 39, 12, 37, 16, 23, 47, 45, 34, 41, 19, 36, 37 >
< L18, 41, 45, 42, 21, 35, 10, 49, 37, 25, 46, 5, 42, 33, 50, 44, 38, 43, 8, 28, 4, 45, 43, 28, 41, 39, 12, 33 >
< L19, 49, 20, 36, 42, 16, 29, 12 >
< L20, 40, 12 >
< L21, 14, 7, 42, 5, 41, 42, 50, 28, 36, 8, 5, 39, 4, 49, 16, 46, 37, 29, 29, 44, 30, 50, 31, 21, 15, 9, 32, 18, 49, 45, 6, 14, 1, 47, 21, 41, 40, 20 >
< L22, 25, 29, 26, 13, 34, 24, 31, 30, 10, 11, 8, 5, 40, 9, 37, 10, 25, 46, 43, 42 >
< L23, 37, 47, 11, 39, 46, 31, 31, 35, 3, 2, 12, 33, 27, 24, 17, 2, 6, 48, 14, 17, 7, 20, 6, 15, 7, 18, 39, 2, 10, 32, 49, 49, 29, 9, 39, 26, 42, 20, 10, 44, 21, 23, 28, 50, 47, 44 >
< L24, 4, 43, 16 >
< L25, 49, 36, 26, 13, 42, 45, 3, 45, 4, 35, 45, 4, 15, 5, 43, 40, 46, 12, 1, 41 >
< L26, 24, 19, 35, 22, 14, 38, 25, 7, 3, 47, 5, 40, 24, 20, 31, 18, 22, 27, 23, 6, 21, 27, 22, 26, 21, 13, 23, 34, 14, 14, 17, 39, 34, 2 >
< L27, 47, 39, 36, 5, 43, 32, 10, 33, 5, 29 >
< L28, 24, 2, 42, 47, 10, 14, 23, 31, 41, 43, 44, 14, 26, 9, 29 >
< L29, 49, 12, 47, 10, 10, 35, 45, 15, 30, 29, 26, 12, 35, 6, 26, 9, 7, 19, 5, 16, 35, 29, 49, 25, 21, 44, 40, 48, 4, 20, 43, 2, 31, 40, 11, 41, 26, 5, 5, 5, 35, 30, 18, 20 >
< L30, 46, 28, 43, 16, 32, 11, 50, 12, 11, 27, 32, 4, 18, 31, 7, 38, 25, 10, 18, 14, 20, 10, 42, 26, 16, 48, 11, 47, 18, 32, 33, 13, 9, 26, 30 >
< L31, 36, 30, 3, 46, 8, 36, 1, 27, 18, 9, 14, 42, 18, 34, 8, 39, 43, 1, 14, 11, 48, 26, 7, 17, 9, 40, 29, 19, 15, 9, 10, 2, 40, 14, 49, 49, 1, 49, 25, 20, 9, 41 >
< L32, 28, 24, 23, 16, 18, 23, 31, 28, 22, 7, 37, 39, 15, 26 >
< L33, 36, 42, 27, 45, 45, 18, 11, 43, 18, 13, 43, 45, 33, 3, 35, 48, 30, 10, 20 >
< L34, 27, 42, 25, 7, 13, 33, 45, 1, 50, 20, 22, 35, 13, 48, 31, 7, 18, 43, 1, 37, 6, 45, 31, 40, 47, 17, 37, 26, 26, 6, 20, 5, 49, 46, 13, 11, 29, 7, 14, 30, 28, 35, 14, 40, 34 >
< L35, 48, 3, 39, 50, 42, 44, 44, 22, 35, 42, 39, 21, 19, 16, 28, 38, 20, 26, 35, 32, 38, 15, 40, 3, 44, 17, 37, 7, 8, 23, 3, 5, 27, 41, 6, 18, 36, 1, 42, 20, 42, 30, 42, 10 >
