< L0, 49, 17, 46, 36, 50, 33, 50, 40, 36, 44, 6, 24, 2, 14, 48, 6, 20, 25, 48 >
< L1, 44, 33, 28, 35, 4, 20, 16, 45, 31, 13, 15, 32, 29, 10, 17, 30, 45, 16, 19, 30, 11, 27, 3, 13, 40, 3 >
< L2, 11, 27, 18, 38, 20, 2, 16, 5, 6, 37, 20, 2, 19, 34, 17, 50, 12, 28, 18, 42 >
< L3, 34, 12, 1, 46, 38, 6, 8, 29, 8, 30, 40, 36, 47, 29, 7, 48, 44, 13, 3, 32, 33, 7 >
< L4, 16 >
< L5, 2, 30, 2, 20, 23, 24, 5, 34, 26, 50, 24, 31, 10, 2, 40, 39, 43, 27, 35, 22, 34, 34, 15 >
< L6, 39, 47, 30, 45, 49, 48, 19, 50, 29, 20, 19, 1, 43, 25, 36, 21, 25, 9, 1, 36, 13, 43, 24, 5, 21, 10, 26, 4, 45, 43, 2, 33, 41, 31, 29, 39, 28, 47, 38, 6, 19, 9, 8, 13, 33, 44 >
< L7, 9, 4, 36, 44, 16, 28, 19, 23, 50, 30, 48, 4, 25, 42, 5, 7, 32, 35, 36, 20, 15, 34, 10, 22, 2, 20, 30, 15, 2, 25, 49, 13, 28 >
< L8, 6, 46, 13, 27, 18, 13, 6, 17, 16, 32, 9, 22, 41, 40, 8, 28, 12, 24, 11, 21, 46, 15, 40, 27, 31, 43, 1, 29, 5, 30, 13, 13, 25, 25 >
< L9, 44, 39, 46, 11, 6, 30, 19, 27, 20, 8, 37, 47, 19, 10, 7, 41, 5, 23, 32, 31, 3, 25, 33, 32, 31, 13, 46, 45, 39, 22, 35, 33, 11, 33, 43, 16, 12, 11, 45, 31, 20 >
< L10, 27, 41, 40, 35, 31, 47, 8, 15, 29, 10, 39, 12, 43, 21, 26, 38, 16, 14, 10, 50, 46, 20, 32, 38, 37, 43, 50, 31, 23, 22, 11 >
< L11, 12 >
< L12, 36, 44, 1 >
< L13, 8, 29, 4, 48, 42, 49, 19, 17, 36, 34, 31, 47, 33, 26, 16, 15, 16, 5, 9, 15, 35, 32, 36, 48, 34, 49, 2, 19, 43, 2, 13, 50, 30, 19, 48, 22, 19, 16, 38, 4, 49, 18, 1, 33, 46 >
< L14, 47, 11, 22, 8, 27, 9, 39, 15, 6, 24, 13, 7, 45, 5, 8, 9, 7, 39 >
< L15, 6, 12, 45, 23, 50, 1, 23, 19, 3, 5, 16, 20, 4, 28, 44, 11, 5, 2, 1, 19, 9, 24, 31, 15, 18, 38, 24 >
< L16, 46, 14, 5, 1, 26, 2, 25, 27, 4, 47, 47, 6, 3, 15, 27, 6, 42, 20, 18, 46, 21, 20, 16, 29, 44, 49, 45 >
< L17, 38, 20, 41, 33, 34, 48, 35, 11, 49, 9, 39, 4, 5 >
< L18, 9, 9, 49, 35, 17, 41, 5, 34, 38, 27, 4, 6, 8, 49, 4, 2, 13, 41, 24, 4, 25, 9, 3, 9, 19, 3, 17, 7, 6, 23, 43, 14, 31, 44, 50 >
< L19, 36, 4, 33, 23, 33, 36, 28, 40, 36, 33, 43, 48, 25, 16, 3, 49, 24, 5, 7, 44, 7, 25, 50, 14, 47, 45, 27, 30, 38, 27, 26, 23, 32, 10, 47, 14, 45, 27, 5, 32, 9, 48, 30, 36, 13, 34, 34 >
< L20, 39, 43, 30, 47, 17, 32, 11, 16, 28, 39, 45, 15, 17, 22, 39, 49, 32, 35, 14, 28, 13, 19, 10, 24, 16, 41, 9, 28, 24, 44, 16, 14, 36, 48, 13, 5, 31 >
< L21, 22, 8, 13, 16, 24, 30, 39, 14, 30, 22, 50, 43, 2, 13, 11, 13, 36, 28, 5, 46, 8, 28, 39, 25, 44 >
< L22, 22, 8, 31, 4, 32, 2, 13, 44, 19, 38, 25, 9, 1, 4, 33, 1, 47, 34, 15, 9, 46, 50, 39, 2, 45, 46, 29 >
< L23, 20, 24, 11, 44, 31, 43, 49, 14, 44, 12, 8, 14, 49, 34, 23, 2, 38, 7, 2, 36, 40, 16, 46, 37, 17, 34, 38, 13, 29, 18, 47, 1, 44, 8, 44 >
< L24, 2, 42, 40, 48, 5, 49, 11, 6, 32, 35, 7, 19, 41, 10, 4, 32, 25, 2, 18, 43, 35, 7, 5, 16, 25, 3 >
< L25, 20, 12, 11, 45, 14, 4, 34, 11, 9, 32, 23, 14, 14, 8, 20, 34 >
< L26, 29, 40, 32, 5, 41, 1, 49, 25, 8, 5, 40, 34, 7, 7, 3, 21, 17, 47, 36, 21, 33, 46, 31, 14, 20, 46, 29, 27, 17, 13, 29, 47, 2, 10, 3, 42, 12, 1, 18, 21, 7, 10, 4, 15, 16, 8, 35, 33, 5, 20 >
< L27, 37, 17, 37, 2, 37 >
< L28, 31, 15, 50, 45, 43, 46, 46, 4, 50, 39, 16, 50, 6, 38, 8, 17, 42, 22, 33, 49, 7, 17, 5, 28, 23, 43, 47, 9, 47, 33, 42, 29, 47, 43 >
< L29, 42, 38, 18, 47, 39, 8, 14, 38, 15, 2, 45, 32, 43, 18, 14, 43, 24, 30, 50, 4, 2, 44, 50 >
< L30, 42, 34, 5, 20, 32, 47, 42, 23, 36, 11, 22, 24 >
< L31, 35, 13, 35, 36, 9, 16, 28, 26, 31, 23, 2, 12, 24, 5, 15, 19, 6, 28, 11, 39 >
< L32, 30, 22, 28, 24, 47, 13, 34, 18, 38, 4, 2, 50, 40, 38, 8, 7, 17, 33, 39, 41, 36, 50, 14, 40, 16, 35, 47, 43, 45, 37, 24, 26 >
< L33, 3, 49, 5, 17, 35, 22, 4, 40, 23 >
< L34, 29, 12, 12, 35, 29 >
< L35, 23, 19, 32, 24, 35, 23, 39, 19, 22, 31, 15, 8, 6, 40, 16, 8, 39, 22, 26, 25, 45, 29, 14, 20, 33, 44, 31, 46, 30, 11, 41, 4, 32, 24, 27, 16, 49, 17, 36, 20, 49, 50, 27, 4, 39, 45 >
< L36, 29, 18, 38, 5, 13, 18, 18, 32, 2, 13, 14, 47, 42 >
< L37, 39, 45, 6, 13, 23, 23, 11, 39, 8, 30, 37, 7, 8, 42, 47, 4, 6, 28, 22, 45, 32, 36, 14, 2, 17 >
< L38, 14, 32, 13, 6, 6, 2, 2, 13, 16, 25, 35, 26, 15, 44, 7 >
< L39, 2, 16 >
< L40, 49, 20, 3, 28, 43, 49, 9, 28, 13, 12, 46, 29, 26, 27, 42, 33, 35, 45, 36, 47, 10, 10, 34, 37, 25, 27, 43, 28, 31, 10, 24, 31, 31, 28, 8, 23, 27, 18, 2, 41, 30, 47, 19, 7, 26 >
< L41, 41, 10, 6, 26, 8, 15, 36, 43, 1, 12, 22, 45 >
< L42, 2, 7, 14, 32, 37, 42, 39, 12, 20, 8, 13, 10, 37, 12, 30, 45, 37, 44, 37, 46, 49, 13, 5, 16, 50, 48, 18, 11, 19, 13, 1, 20, 21, 16, 1, 7, 7, 41, 20 >
< L43, 48, 33, 37, 37, 44, 17, 33, 32, 10, 20, 27, 10, 32, 31, 25, 33, 30, 43, 45, 48, 7, 45, 17, 27, 12, 19 >
< L44, 19, 9, 7, 46, 9, 39, 33, 47, 34, 1, 29, 15, 12, 48, 43, 21, 31, 25, 48, 13, 5, 42, 7, 2, 50, 3, 21, 28, 15, 41, 12, 35, 50, 18, 30 >
< L45, 8, 14, 6, 43, 14, 34, 9, 27, 34, 1 >
< L46, 14, 28, 47, 27, 34, 40, 35, 35, 39, 38, 7, 16, 4, 48, 29, 38, 49, 47, 19, 10, 6, 33, 15, 49, 48, 50, 9, 25, 33, 12, 24, 47, 39, 22, 25, 22, 11, 9, 8, 49, 48, 17, 16, 1, 16, 44, 40, 14, 40, 9 >
