< L0, 43, 39, 48, 40, 38, 6, 16, 23, 17, 39, 19, 7, 12, 45, 30, 22, 5, 38, 22, 3, 6, 37, 5, 21, 31, 45, 34, 22, 5, 8, 21, 47, 46, 18, 38, 35, 26, 4, 7, 42, 44, 27, 49, 8, 23, 30, 29, 28 >
< L1, 3, 30, 24, 41, 36, 44, 23, 32, 29, 47, 36, 36, 17, 34, 33, 35, 24 >
< L2, 12, 29, 28, 3, 24, 7, 3, 31, 29, 33, 12, 6, 1, 14, 37, 25, 6, 23, 20, 29 >
< L3, 49, 25, 42, 36, 41, 27 >
< L4, 27, 2, 42, 38, 30, 19, 43, 4, 25, 47, 34, 6, 29, 47, 11, 32, 10, 50, 8, 18, 24 >
< L5, 46, 29, 27, 20, 22, 13, 12, 49, 35, 41, 50, 26, 30, 32, 44, 22, 35, 21, 19, 20, 26, 49, 17, 38, 32, 28, 37 >
< L6, 45, 10, 16, 42, 41, 42, 11, 12, 6, 25, 12, 40, 15, 12, 15, 44, 45, 11, 18, 29, 31, 38, 50, 6, 38, 18, 45, 20, 48, 32, 8, 44, 43, 25, 36, 33, 19, 48, 47 >
< L7, 22, 8, 18, 38, 21, 34, 34, 15, 44, 1, 45, 26, 40, 45, 33, 27, 14, 28, 48, 11, 9, 8, 5, 3, 32, 40 >
< L8, 2, 39, 32, 30, 11, 41, 47, 48, 12, 30, 33, 28, 24, 35, 23, 49, 24, 19, 32, 3, 32, 11, 50, 45, 19, 7, 1, 21, 41, 40, 8, 42, 28, 41, 21, 40 >
< L9, 19, 40, 45, 49, 22, 22, 22, 7, 44, 22, 32, 12, 5, 34, 46, 15, 34, 42, 35, 40, 42, 8, 32, 33, 15, 24, 12, 8, 46, 2, 39, 15 >
< L10, 33, 13, 14, 4, 36, 22, 50, 9, 4, 13, 14, 39, 8, 30, 22, 49, 15, 14, 42, 22, 45, 24, 38, 20, 36, 45, 18, 37, 35, 32, 29, 19, 46, 44, 25, 33, 18, 24, 41, 23, 38, 6, 11 >
< L11, 36, 33, 48, 2, 48, 40, 25, 42, 13, 12, 12, 48, 9, 29, 34, 45, 12, 14, 14, 9, 10, 40, 41, 27, 13, 33, 49, 2, 39, 9, 49, 26, 43, 47, 27, 40, 36, 1, 32, 48, 14, 45, 46, 24, 25, 31, 19, 36 >
< L12, 34, 46, 6, 23, 36, 32, 37, 20, 32, 38, 10, 42, 37, 35, 37, 33, 11, 26, 20, 13, 9, 17, 27, 5, 12, 50, 29, 45, 20, 16, 39, 3, 11, 46, 25, 48, 27, 13, 18, 10, 1, 27, 1, 39, 14 >
< L13, 21, 26, 15, 42, 39, 23, 8, 17, 30, 22, 18, 8, 16, 38, 24, 6, 42, 36, 1, 19, 34, 27, 31, 3, 38, 31, 31, 40, 21, 44, 27, 43, 20, 43, 34, 8, 17 >
< L14, 26, 46, 13, 43, 4, 28, 32, 29, 33, 24, 14, 33, 42, 49, 11, 22, 1, 50, 5, 32, 39, 25, 27, 15, 18, 46, 9, 3, 5, 26, 44, 30, 21, 8, 25, 26, 37, 6, 6, 21, 29, 22 >
< L15, 20, 20, 15 >
< L16, 21, 14, 50, 4, 3, 24, 32, 19, 43, 28, 30, 46, 34, 5, 41, 16, 27, 49, 40, 5, 35, 45, 10, 6, 26, 31, 10, 47, 3, 27, 40, 23, 42, 39, 28, 46, 15, 9, 17, 9, 38, 46, 6, 24 >
< L17, 47, 39 >
< L18, 47, 30, 34, 33, 26, 44, 40, 1, 26, 2, 48, 28, 28, 39, 2, 21, 28, 31, 17, 44, 42, 35, 2, 29, 30, 8, 4, 33 >
< L19, 44, 12, 2, 23, 46, 34 >
< L20, 41, 26, 1, 16, 27, 50, 46, 6, 39, 49, 26, 18, 30, 44, 13, 21, 30, 14, 1, 11, 23, 7, 43, 28, 50, 5, 29, 23, 50, 15, 23, 42, 40, 25, 9, 16, 25, 4, 23, 15, 5, 48, 32, 34, 44, 46, 6, 23, 9 >
< L21, 34, 32, 14, 26, 9, 14, 32, 40 >
< L22, 31, 4, 10, 24, 45, 34, 33, 12, 10, 38, 34, 24, 42, 31, 7, 27, 26, 2, 32, 49, 13, 40, 34, 44, 5, 9, 4, 18, 41, 45, 7, 23, 50, 16, 49, 44, 2, 31 >
