< L0, 25, 2, 37, 46, 35, 20, 15, 32, 38, 37 >
< L1, 13, 4, 27, 2, 36, 7, 42, 35, 34, 5, 45, 18, 49, 50, 8, 41, 40, 16, 19, 50, 41, 20, 36, 36, 6, 5, 1, 37, 44, 39, 38, 6, 42, 17, 9, 29, 25, 1, 13, 8, 5, 7, 27, 5, 7, 35, 48, 48, 50, 16 >
< L2, 42, 37, 35, 30, 42, 41, 30, 31, 37, 20, 20, 44, 11, 36, 3, 40, 10, 3, 4, 20, 9, 13, 46, 16, 21, 32, 13, 18, 34, 30, 17, 25, 16, 3, 4, 9, 45, 35, 41, 31, 4, 11, 27, 17, 48, 29, 8, 8, 33 >
< L3, 29, 43, 23, 26, 8, 43, 8, 22, 13, 43, 3 >
< L4, 17, 20, 33, 23, 29, 29, 7, 19, 12, 13, 31, 38, 31, 29, 16, 38, 38, 50, 50, 16, 42, 25, 43, 2, 19, 2, 25, 31, 44, 28, 13 >
< L5, 47, 47, 35, 27, 26, 43, 46, 37, 5, 28, 26 >
< L6, 6, 43, 24, 43, 42, 24, 10, 35, 48, 5, 38, 16, 6, 13, 49, 50, 40, 11, 12, 38, 8, 46, 15, 33, 38, 12, 21, 43, 39, 46, 29, 45, 38, 3, 39 >
< L7, 28, 1, 17, 25, 5, 5, 42, 10, 17, 40, 11, 8, 3, 22, 45, 10, 17, 11, 44, 5, 22, 16, 49, 13, 13, 29, 7, 2, 31, 47, 32 >
< L8, 49, 48, 34, 5, 2, 26, 17, 20 >
< L9, 27, 29, 21, 49, 26, 32, 17, 36, 25, 23, 10, 42, 21, 22, 4, 50, 30 >
< L10, 32, 28, 38, 42, 27 >
< L11, 25, 31, 41, 2, 49, 11, 21, 26, 39, 41, 26, 16, 23, 42, 2, 49, 15, 13, 41, 37, 34, 46, 38, 15, 3, 22, 42, 40, 13, 20, 27, 39, 3, 18, 41, 1, 30, 11 >
< L12, 20, 3, 3, 36, 25, 47, 39, 24, 13, 3, 16, 1, 38, 11, 41, 2, 15, 12, 45, 5, 24, 15, 33, 12, 19, 2, 4, 19 >
< L13, 16, 49, 3, 19, 3, 38, 43, 1, 28, 18, 13, 30, 33, 16, 17, 46, 6, 20, 10, 17, 14, 16, 40, 30, 49, 3, 48, 50, 9, 19, 33 >
< L14, 17, 35, 42, 21, 24, 35, 22, 3, 4, 36, 34, 39, 1, 50, 34, 6, 21, 45, 22, 34, 11, 13, 14, 11 >
< L15, 13, 12, 26, 31, 46, 49, 49, 32, 41, 20, 5, 27, 43, 9, 32, 28, 42, 20 >
< L16, 43, 5, 34, 13, 50, 8, 47, 12, 22, 12, 22, 39, 24, 35, 16, 7, 31, 15, 5, 12, 7, 26, 19, 35, 18, 27, 16, 46, 21 >
< L17, 26, 13, 42, 11, 28, 43, 18, 26, 4, 40, 37, 27, 30, 12, 14, 46, 18, 44, 12, 25, 7, 20, 2, 25, 4, 22, 4, 21, 19, 24, 10, 44, 38, 4, 4, 15, 46, 24 >
< L18, 2, 15, 28, 30, 44, 40, 43, 41, 9, 38, 2, 35, 45, 23, 37, 19, 28, 10, 24, 49, 28, 47, 10, 23, 35, 13, 28, 1, 11, 1, 41, 12, 15, 18, 43, 11, 9, 38, 1, 18 >
< L19, 5, 2, 19, 27, 40, 40, 5, 1, 13, 5, 30, 12, 16, 2, 48, 29, 30, 48, 39, 32, 40, 2, 49, 10, 44 >
< L20, 18, 31, 11, 35, 8, 17, 39, 28, 46 >
< L21, 17, 2, 31, 32, 8, 12, 45, 23, 14, 44, 1, 45, 43, 41, 26, 33, 44, 26, 42, 38, 34, 9, 20, 47, 46, 29, 13, 36, 7, 8 >
< L22, 25, 9, 47, 8, 16, 9, 2, 41, 24, 45, 41, 20, 40, 34, 45 >
< L23, 27, 21, 15, 16, 6, 25, 38, 2, 20, 16, 17, 5, 24, 24, 22, 49, 35, 20, 6, 2, 30, 10 >
< L24, 5, 6, 35, 24, 45, 20, 21, 16, 46, 43, 32, 14, 48, 7, 1, 2, 26, 18, 18, 33, 42, 43, 6, 42, 29, 27, 47, 31, 9, 6, 24, 13, 14, 10, 37, 8, 29, 9, 26, 27, 1, 7 >
< L25, 50, 13, 42, 3, 41, 9, 22, 25, 2, 15, 30, 43, 43, 8, 42, 25, 16, 47, 49, 29, 12, 8, 17, 20, 39, 25, 45, 15, 27, 3, 4, 28, 16, 45, 31, 8, 5, 2, 32, 7 >
