< L0, 1, 11, 18, 42, 35, 34, 41, 35, 14, 2, 45 >
< L1, 21, 33, 8, 17, 47, 34, 20, 50, 11, 37, 46, 43, 44, 50, 47, 25, 8, 14, 37, 9, 26, 6, 2, 11, 41, 42, 47, 4, 44, 41, 35, 16 >
< L2, 42, 33, 21, 27, 4, 22, 40, 42, 17, 34, 35, 19, 30, 11, 28, 44, 47, 38, 19, 2, 40, 31, 43, 33, 30 >
< L3, 26, 20, 35, 42, 45, 28, 26, 17, 5, 31, 39, 46, 22, 7, 29, 8, 27, 9, 18, 7, 4, 16, 44, 24, 19, 35, 5, 13, 18, 36, 11, 45, 5, 47, 36, 1, 24, 13, 20, 28, 43, 8, 25, 14, 16, 4, 21, 43 >
< L4, 40, 49, 17, 5, 44, 40, 24, 29, 46, 36, 48, 31 >
< L5, 42, 38, 44, 30, 40, 18, 42, 9, 47, 37, 18, 22, 2, 34, 25, 25, 28, 38, 14, 28, 6, 21, 21, 45, 44, 1, 41, 31, 50, 23, 31, 42, 10, 26, 23, 50, 43, 16, 8, 42, 2, 26, 15, 4, 11, 41, 28, 38 >
< L6, 41, 15, 35, 11, 37, 29, 6, 40, 21, 39, 39, 44, 19, 32, 3, 46, 4, 4, 39, 22, 12, 32, 23, 39, 46, 26, 49, 36, 5, 36 >
< L7, 48, 2, 1, 10, 40, 31, 16, 29, 2, 6, 20, 47, 26, 3, 1, 21, 9 >
< L8, 11, 30, 18, 42, 2 >
< L9, 39, 30, 6, 26, 34, 43 >
< L10, 31, 44, 42, 43, 35, 25, 8, 14, 26, 15, 35, 24, 40, 37, 26, 12, 47, 32, 23, 26, 49, 16, 30, 6, 7, 9, 11, 32, 44, 3, 26, 27, 48, 19, 19, 33, 43, 28, 48, 20, 42, 32 >
< L11, 33, 20, 21, 44, 17, 2, 18, 44, 1, 36, 23, 8, 44, 31, 19, 25, 27, 23, 2, 3, 21, 21, 21, 3, 13, 48, 50, 33, 39, 33, 27, 23, 4, 47, 18, 22, 1, 38, 16, 1, 25, 38, 10 >
< L12, 21, 28, 42, 47, 1, 46, 49, 23, 16, 19, 25, 30, 18, 26, 14, 8, 10, 43 >
< L13, 13, 41, 49, 37, 41, 36, 2, 43, 10, 39, 3, 27, 11, 30, 21, 7, 32, 16, 5, 4, 33, 25, 30, 12, 44, 7, 26, 1, 18, 18 >
< L14, 33, 8, 31, 19, 49, 16, 20, 41, 28, 10, 45, 6, 21, 27, 26, 29, 10, 43, 36, 14, 25, 10, 45, 37, 4, 4, 14, 6, 21, 31 >
< L15, 3, 40, 18, 21, 40, 35, 40, 31, 12, 2, 27, 18, 22, 3, 45, 50, 13, 38, 37, 28, 14, 47, 24, 2, 2, 27, 15, 7, 48, 47, 44, 2, 37, 13, 23, 26, 48, 14 >
< L16, 9, 15, 35, 28, 38, 39, 25, 40 >
< L17, 12 >
