< L0, 27, 24, 4, 29, 27, 30, 45, 34, 29, 42, 29, 31, 30, 42, 3, 7, 41, 18, 17, 49, 35, 3, 29, 22, 41, 3, 13, 44, 16, 39 >
< L1, 42, 14, 26, 22, 41, 8, 19, 26, 36, 12, 6, 16, 41, 49, 20, 49, 39, 40, 15, 40, 24, 17, 18 >
< L2, 10, 22, 8, 3, 37, 48, 25, 30, 13, 3, 4, 3, 12, 22, 30, 47, 33, 36, 15, 25, 34, 36, 23, 23, 25, 40, 12, 48, 6, 31, 45, 15, 2, 4, 19, 40, 3, 46, 21, 15, 50, 24, 20, 11, 45 >
< L3, 9, 29, 34, 23, 3, 18, 11, 28, 42, 37, 17, 5, 37, 24, 37, 31, 39, 40, 34, 9, 29, 38, 4, 49, 2, 3, 25, 21, 13, 19, 22, 22, 50, 5, 46, 2, 24, 8, 31, 17, 45, 47, 21, 31, 23, 9, 13, 13, 48 >
< L4, 21, 28, 35, 25, 29, 38, 27, 3, 11, 42, 23, 32, 15, 22, 36, 10, 26, 12, 20, 6, 28, 14, 5, 1, 46, 27, 11, 8, 39, 9, 7, 11, 38, 41, 35, 16, 28, 14, 18, 40, 5, 43, 21, 21, 14, 9, 30, 39 >
< L5, 1, 47, 49, 16, 3, 1, 11, 31, 12, 20, 21, 22, 26, 31, 9, 18, 18, 25, 48, 31 >
< L6, 37, 37, 36, 8, 7, 2, 16, 38, 42, 37, 39, 40, 37, 6, 42, 40, 17, 24, 1, 38, 44, 24, 16, 27, 32, 33, 44, 8, 30, 26, 4, 19, 12, 41, 26, 20, 42, 43, 9, 36, 31, 49, 25, 19 >
< L7, 17, 8, 23, 40, 10 >
< L8, 36, 33, 25, 12, 17, 10, 7, 26, 41, 32 >
< L9, 9, 45, 22, 36, 16, 15, 30, 24, 50, 12, 25, 25, 31, 29, 43, 40, 3, 34, 50, 12, 19, 34, 39, 32, 2, 48, 38, 28, 40 >
< L10, 8, 49, 15, 29, 36, 30, 46, 16, 6, 45, 27, 32, 19, 9, 10, 11, 1, 14, 45 >
< L11, 25, 15, 35, 15, 47, 37, 14, 36, 14, 4, 7, 23, 2, 21, 2, 37, 3, 49, 4, 8, 43, 33, 39, 14, 43, 50, 26, 43, 15, 20, 44, 39, 37, 29, 6, 33, 15, 19, 18, 30, 22, 24, 2, 25, 47, 5, 12, 49, 3, 17 >
< L12, 48, 49, 48, 11, 42, 49, 36, 34 >
< L13, 8, 28, 3, 44, 8, 8, 28, 24, 27, 47, 3, 50, 23 >
< L14, 25, 19, 13, 38, 19, 15 >
< L15, 26, 12, 5, 25 >
< L16, 46, 23, 10, 31, 37, 17, 10, 39, 10, 19, 49, 37, 42, 25, 35, 46, 26, 7, 2, 50, 25, 14, 37, 45 >
< L17, 43, 20, 44, 47, 46, 17, 42, 20, 26, 24, 6, 44, 36, 47, 3, 4, 45, 41, 46, 21, 26, 43, 46, 34, 44, 46, 11, 9, 34, 5 >
< L18, 26, 27, 36, 22, 22, 2, 15, 42, 30, 41, 49, 23, 26, 45, 28, 29, 39, 20, 26, 9, 47, 19, 5, 31, 14, 2, 41, 25, 35, 47, 17, 13, 23, 2, 34, 45, 5, 1, 38, 36, 41 >
< L19, 9, 16, 31, 38, 46, 19, 7, 24, 30, 6, 44, 36, 36, 7, 37, 28, 33, 23, 24, 49, 37, 47, 2, 23, 43, 7, 23, 32, 42, 15, 17, 2, 32, 49, 41, 27 >
< L20, 50, 2, 49, 5, 45, 34, 42, 4, 22, 19, 38, 46, 42, 39, 33, 40, 40, 5, 34, 48 >
< L21, 15, 40, 43, 34, 43, 24, 32, 34, 2, 3, 35, 4, 1, 39, 50, 36, 30, 3, 9, 50, 41, 5, 43, 29, 37, 33, 20, 43, 18 >
< L22, 21, 33, 9, 13, 18, 1, 38, 49, 36, 39, 2, 20, 42, 4, 10, 44, 42, 39 >
< L23, 50, 38, 38, 4, 31, 18, 42, 15, 40, 34, 32, 7, 6, 16, 15, 20, 33, 17, 7, 34, 5, 48, 37, 24, 41, 40, 36, 34, 33, 24, 32, 33, 14, 21, 36, 46, 39, 30, 12, 28, 15, 45, 36, 23, 11, 50 >
< L24, 45, 18, 1, 30, 22, 48, 16, 46, 40, 8, 31, 24, 40, 6, 5, 24, 21, 25, 12, 18, 15, 41, 29, 44, 5, 24, 29, 27, 36, 30, 21, 32, 48, 23, 12, 19, 20, 29, 16, 9, 38, 48 >
< L25, 30, 4, 38, 3, 26, 15, 14, 44, 31, 4, 22, 25, 11, 47, 3, 39, 32, 33, 11, 16, 32, 33, 29, 50, 4, 7, 16, 13, 45, 13, 48, 26, 18, 36 >
