< L0, 2, 42, 37, 32, 47, 10, 6, 7, 7, 11, 48, 40, 45, 8, 7, 26, 43, 35, 27, 46, 42, 42, 8, 38, 7, 8, 13, 24, 43, 40, 19, 46, 33, 5, 27, 30, 17, 35, 38, 25, 47, 37, 14, 41 >
< L1, 21, 18, 39, 7, 44, 34, 48, 38, 44, 37, 44, 1, 49, 17, 45, 41, 38, 40, 25, 44, 18, 6, 10, 4, 46, 34, 50, 32, 50, 42, 30, 22, 11, 18, 28, 5, 4, 28, 42, 47, 14, 37, 47, 15, 5, 43, 7 >
< L2, 34, 33, 36, 3, 39, 45, 7, 34, 31, 8, 17, 32, 2, 47, 5, 12, 16, 32, 18, 19, 11, 11, 17, 27, 47, 15, 41, 2, 7, 49, 45, 40, 31, 30, 43, 21, 27, 1, 4, 7, 10, 23 >
< L3, 11, 21, 44, 23, 38, 27, 42, 7, 38, 3, 23, 14, 1, 38, 6, 2, 46, 4, 49, 38, 36, 28, 30, 7, 4, 32, 12, 12, 41, 34, 1, 2, 6, 46, 26, 44, 23, 17, 2, 10 >
< L4, 24, 23, 22, 13, 30, 25, 11, 33, 23, 48, 20, 1, 29, 26, 6, 10, 38, 20, 2, 23, 22 >
< L5, 29, 18, 30, 22, 40 >
< L6, 25, 49, 21, 48, 23, 42, 13, 2, 17, 23, 36, 41, 20, 5, 43, 50, 31, 49, 9, 20, 20, 12, 42, 41, 17, 20, 8, 48, 43, 47, 48, 17, 47, 19, 17, 19, 10, 31, 22, 28, 5, 9, 19, 26, 14, 13, 25, 46, 13 >
< L7, 15, 32, 46, 8, 23, 14, 28, 32, 12, 22, 29, 9, 41, 27, 27, 9, 46, 39, 41, 19, 16, 45, 28, 36, 20, 43, 49, 46, 38, 11, 30, 4, 43, 27, 11 >
< L8, 41, 40, 48, 2, 14, 28, 12, 4, 5, 41, 14, 2, 29, 4, 22, 46, 50 >
< L9, 32, 19, 41, 32, 16, 30, 42, 45, 33, 36, 23, 44, 4, 13, 35, 4, 16, 48, 31, 30, 3, 37, 20, 16, 38, 48, 21, 12, 43, 20, 10, 26, 40, 3, 7, 5, 32, 1, 1, 17, 36, 24, 12, 42, 38, 46, 45, 4, 46 >
< L10, 33, 48, 14, 4, 14, 3, 1, 36, 14, 45, 6, 26, 21, 45, 28, 29, 2, 11, 29, 2, 27, 17, 25, 40, 8, 15, 38 >
< L11, 18, 33 >
< L12, 2, 30, 43, 7, 45, 46, 7, 31, 11, 3, 38, 36, 23, 34, 13, 2, 35, 24, 32, 39, 2, 48, 13, 44, 7, 27, 31, 10 >
< L13, 13, 40, 49, 42, 32, 5, 39, 29, 13, 19, 40, 16, 8, 25, 40, 41, 40, 43, 28, 15, 25, 16, 16, 24, 30, 9, 31, 9, 41, 42, 6, 3, 31, 5, 47, 15, 11, 35, 43, 24, 5, 32, 41, 12, 9, 32 >
< L14, 48, 25, 31, 12 >
< L15, 48 >
< L16, 24, 28, 40, 6, 36, 30, 50, 41, 33, 30, 47, 29, 44, 8, 15, 39, 33, 19, 20, 25, 32, 28, 6, 37, 25, 30, 18, 38, 30 >
< L17, 17, 6, 44, 6, 13, 29, 35, 12, 20, 17, 44, 16, 47, 39, 25 >
< L18, 27, 7, 33, 47, 31, 14, 26, 39, 1, 3, 18, 20, 40 >
< L19, 36, 6, 7, 30, 11, 19, 8, 46, 33, 29, 14, 26, 47, 13, 14, 21, 25, 41, 30, 8, 39, 12, 23, 14, 50, 25, 16, 20, 46, 8, 19, 32, 13, 25, 13, 24, 45, 22, 21, 27, 3, 34, 2, 49, 48, 18, 21, 25, 8, 2 >
< L20, 48, 16, 6, 11, 15, 33, 29, 34, 28, 36, 4, 11, 50, 30, 25, 23, 25, 47, 45, 1, 49, 31, 5, 49, 28, 22, 19, 2, 31, 23, 35, 28, 38, 43 >
< L21, 2, 27, 20, 38, 4, 5, 43, 17, 5, 23, 41, 29, 47, 37, 24, 49, 37, 4, 3, 35, 33, 26, 6, 35, 6, 28, 21, 35, 15, 15, 27, 18, 41, 46, 7, 47, 3, 50, 13, 9 >
< L22, 3, 37, 22, 42, 12, 20, 28, 17, 25, 15, 50, 50, 22, 36, 8, 49, 8, 44, 15, 23, 20, 34, 15, 16 >
< L23, 11, 18, 42, 23, 26, 17, 28, 14, 38, 21, 28, 9, 50, 44, 33, 14, 43, 33, 35, 30, 42, 35, 38, 35, 49, 12, 5, 35, 26, 22, 27, 37, 39, 18, 11, 16, 36, 40, 31, 23, 10 >
< L24, 31, 10, 4, 14, 25, 48, 48, 12 >
< L25, 39, 46, 15, 25, 47, 28, 29, 33, 3, 50, 9, 41, 40, 28, 4, 7, 13, 43, 40, 35, 5, 49, 17, 16, 2, 32, 42, 50 >
< L26, 3, 27, 21, 1, 43, 46, 49, 20, 26, 31, 24, 28, 39, 15, 17, 16, 18, 26, 28, 12, 15, 14, 16, 13, 32, 31, 15, 14, 23, 14, 44 >
< L27, 42, 17, 27, 36, 12, 27, 5, 39, 7, 28, 16, 47, 44, 33, 12, 11, 8, 41, 23, 24, 6, 40, 36, 38, 21, 2, 1 >
