< L0, 46, 23, 8, 14, 50, 43, 25, 28, 49, 14, 35, 29, 29, 31, 22, 13, 45 >
< L1, 22, 35, 7, 45, 41, 46, 33, 30, 18, 36, 30, 14, 3, 27, 37, 12, 41, 38, 7, 17, 15, 7, 32, 1, 35, 13, 32, 7, 25, 28, 41, 49, 14, 49, 45 >
< L2, 46, 29, 35, 16, 15, 16 >
< L3, 17, 45, 17, 30, 35, 4, 38, 3, 21, 45, 35, 21, 29, 47, 4, 37, 23, 31, 27, 21, 45, 27, 18, 2, 23, 46, 37, 38, 10 >
< L4, 18, 28 >
< L5, 35, 10, 32, 40, 47, 35, 10, 41, 21, 31, 20, 17, 36, 6, 41, 17, 35, 14, 13, 11, 31, 14, 35, 26, 2, 24, 36, 6, 42, 15, 3, 28, 24, 35, 17, 21, 21, 29, 11, 41, 9, 32, 9, 44, 38, 1 >
< L6, 24, 14, 26, 34, 44, 42, 21, 22, 43, 44, 7, 48 >
< L7, 23, 3, 14, 47, 37, 33, 19, 9, 11, 29, 1, 19, 11, 9, 14, 50, 9, 28, 23, 25, 3, 8, 18, 46, 28, 39, 39, 24, 47, 38, 10, 22, 40, 24, 18, 28, 6 >
< L8, 36, 18, 16, 36, 36, 28, 46, 1, 29, 7, 30, 1, 31, 33, 11, 50, 30, 38, 41, 18, 13, 39, 8, 23, 12, 49, 48, 29, 29, 5, 18, 14, 22, 34, 2, 9, 13, 49 >
< L9, 42, 5, 41, 44, 37, 25, 4, 39, 4, 44, 31 >
< L10, 6, 21, 31, 30, 33, 31, 27, 13, 9, 33, 31, 25, 6, 16, 26, 14, 28, 26, 25, 21, 33, 17, 15, 21 >
< L11, 18, 11, 44, 11, 41, 17, 19, 14, 49, 48, 48, 30, 27, 10, 40, 9, 42, 14, 15, 7, 41, 30, 37, 17, 6, 9, 49, 22, 23, 21, 12, 43, 32, 8, 5, 24, 26, 23, 37, 25, 23 >
< L12, 6, 49, 46, 45, 9, 39, 9, 25, 48, 1, 5, 36, 17, 12, 44, 17, 34, 19, 38, 47, 11, 21, 6, 17, 44, 32, 40, 33, 8, 14, 18, 13, 12, 15, 9, 22 >
< L13, 17, 47, 1, 18 >
< L14, 36, 36, 14 >
< L15, 3, 49, 49, 42, 46, 9, 12, 1, 26, 7, 34, 17, 39, 41, 30, 7, 5, 43, 23, 14, 14, 26, 32, 12, 28, 49, 14, 15, 37, 28, 46 >
< L16, 26, 44, 32, 23, 5, 45, 26, 32, 1, 11, 48, 40, 2, 29, 48, 6, 23, 20, 19, 38, 48, 3, 50, 25, 1, 15, 40, 39, 44, 35, 29, 22, 30, 12, 44, 34, 6, 21, 15, 9, 32 >
< L17, 50, 35, 44, 47, 42, 16, 18, 13, 6, 15, 15, 7, 42, 15 >
< L18, 31, 6, 15, 17, 34, 36, 46, 48, 31, 32, 5, 2, 46, 13, 35, 12, 12, 19, 5, 10, 10 >
< L19, 30, 24, 30, 44, 38, 36, 37, 5, 6, 17, 10, 22, 35, 45, 9, 33, 42, 40, 14, 47, 43, 11, 11 >
< L20, 24, 25, 49, 31, 34, 10, 3, 13, 34, 32, 9, 21, 19, 45, 25, 26, 14, 34, 48, 50, 29, 8, 32, 22, 49, 47, 18, 41, 10 >
< L21, 21, 35, 3, 19, 15, 38, 29, 19, 3, 12, 2, 13, 34, 20, 9, 9, 46, 24, 44, 45, 24, 22, 2, 7, 46, 1, 6, 13, 43 >
< L22, 43, 14, 1, 47, 34, 16, 37, 12, 34, 41, 25, 36, 3, 9, 7 >
< L23, 19, 2, 37, 12, 48, 10, 36, 2, 18, 31, 4, 23, 45 >
< L24, 39, 38, 11, 40, 36, 45, 7, 22, 8, 40, 14, 33, 27, 16, 43, 34, 31, 13, 37, 17, 24, 35, 28, 11, 36, 45, 41, 41, 20, 38, 38, 8, 27, 49, 47, 12, 45, 5, 36, 2, 45, 49, 36, 23, 17, 30 >
< L25, 47, 42, 43, 15, 16, 29 >
< L26, 28, 16, 38, 21, 6, 7, 8, 43, 17, 34, 43, 15, 47, 37, 20, 32, 41, 16, 33, 26, 38, 1, 8, 44, 49, 49, 38, 13, 16, 18, 6, 44, 33, 45, 14, 40, 4, 21, 32, 20, 6, 27 >
< L27, 2, 13, 3, 36, 5, 18, 20, 33, 8, 22, 40, 1, 20, 38, 40, 34, 6, 7, 41, 49, 39, 35, 14, 30, 38, 36, 11, 9, 43, 39, 45, 44, 4, 49 >
< L28, 8, 19, 50, 40, 26, 21, 29, 28, 42, 19, 17, 25, 26, 23, 17, 26, 13, 2, 39, 42, 41, 26, 4, 2, 18, 43, 46, 13, 46, 44, 44 >
< L29, 12, 45, 45, 37, 16 >
< L30, 14, 9, 45, 32, 36, 20, 6, 2, 45, 20, 5, 35, 11, 48, 10, 17, 49, 27, 11, 44, 40, 8, 39, 35, 12 >
< L31, 29, 6, 39 >
< L32, 33, 5, 5, 27, 38, 40, 49, 44, 43, 43, 13, 48, 28, 26, 45, 39, 42, 43, 18, 4, 38, 7, 11, 28, 43, 22, 30, 21, 30, 21, 17, 12, 27, 23, 40, 14, 14, 38, 9, 6, 33, 22, 3, 12, 49, 49 >
< L33, 40, 41, 17, 43, 30, 25, 3, 8, 17, 26, 39, 40, 5, 9, 8, 18, 35, 30, 8, 1, 43, 47, 9, 48, 31, 32, 1, 42, 30, 1, 44, 19, 44, 12, 13, 23, 37, 17, 32, 5, 43, 23, 44, 49, 31, 1, 17, 18, 32, 26 >
< L34, 24, 22, 28, 22, 5, 10, 24, 46, 39, 24, 41, 10, 17, 3, 24, 42, 39, 41 >
< L35, 45, 35, 47, 41, 35, 30, 43, 1, 47, 25, 26, 16, 50, 50, 43, 21, 6, 2, 46, 1, 41, 22, 42, 2, 40 >
< L36, 25, 33, 34, 17, 10, 30, 1, 6, 20, 38, 37, 13, 38, 33, 39, 16, 48, 38, 17, 43, 11, 22, 44, 8, 24, 36, 31, 17, 37, 23, 12, 12, 5, 47, 28, 16, 27, 31, 22, 48, 18, 8, 12, 7, 43, 50 >
< L37, 42, 38, 42, 34, 50, 13, 30, 7, 39, 15, 38, 5, 4, 10, 19, 15, 16, 17, 44, 32, 43, 26, 5, 43 >
< L38, 14, 4, 2, 6, 4, 27, 50, 43, 19, 35, 42, 33, 14, 48, 23, 31, 37, 30, 34, 46, 48, 50, 12, 14, 45, 45, 9, 21, 49, 1, 15, 12, 4, 18, 20, 7, 45, 19, 1, 15, 3, 42, 49, 19, 40 >
< L39, 49, 26, 1, 34, 24, 48, 35, 37, 13, 29, 31, 21, 1, 31, 23, 18, 42, 27, 35, 13, 35, 31 >
< L40, 36, 45, 36, 29, 44, 6, 20, 17, 6, 48, 17, 39, 21, 16, 25, 9, 28, 5, 39, 1, 6, 19, 23, 23, 12, 1, 9, 25, 38, 40, 7 >
< L41, 36, 44, 3, 31, 49, 23, 47, 4, 20, 13, 44, 42, 28, 18, 50, 8, 25, 40, 10, 30, 10, 34, 4, 23, 35 >
< L42, 49, 24, 1, 6, 48, 39, 49, 2, 19, 48, 24, 16 >
< L43, 45, 30, 47 >
< L44, 10, 16, 39, 17, 40, 30, 28, 21, 41, 11, 24, 14, 47, 36, 12, 20, 38, 19, 19, 28, 18, 21, 47, 17, 46, 14, 19, 43, 43, 17, 30, 2, 33, 21, 20, 22, 50, 47 >
