< L0, 1, 42, 9, 25, 27, 30, 4, 6, 42, 34, 29, 42, 21, 1, 32, 29, 12, 1, 8, 8, 50, 38, 21, 26, 24, 6, 8, 50, 34, 22, 48, 34, 15, 6, 10, 41, 37, 15, 46, 29, 48, 26, 22, 20, 26, 4, 1, 37 >
< L1, 10, 46, 7, 48, 19, 33 >
< L2, 24, 40, 23, 7, 13, 22, 42, 27, 29, 3, 19, 15, 17, 17, 43, 17, 42, 15, 38, 18, 20, 38, 6 >
< L3, 50, 2, 35, 47, 20, 17, 19, 45, 8, 43, 3, 22, 14, 44, 48, 42, 46, 17, 7, 14, 35, 1, 30, 26, 17, 18, 45 >
< L4, 7, 1, 14, 6, 4, 1, 4, 25, 17, 23, 19, 27, 17, 21, 48, 31, 14, 48, 22, 11, 16, 30, 24, 50, 31, 6, 27, 47, 25, 22, 35, 31, 22, 50, 37, 27, 50, 42 >
< L5, 19 >
< L6, 19, 47, 31, 39, 46, 13, 4, 43, 34, 16, 10, 16, 41, 9 >
< L7, 46, 38, 44, 20, 9, 30, 3, 32, 32, 41, 8, 33, 32, 8, 1, 48, 26, 47, 28, 16, 45, 42, 21, 37, 25, 36, 49, 42, 28, 7, 37, 26, 46, 33, 47, 4, 12, 49, 37, 43, 39, 44, 26, 23, 1, 28 >
< L8, 28, 27, 49, 45, 21, 40, 17, 9, 16, 2, 7, 8, 32, 16, 46, 7, 11, 28, 3, 17 >
< L9, 2, 3, 34, 42, 47, 11, 14, 49, 39, 35, 29, 17, 33, 23, 37, 24, 40, 47, 40, 43, 4, 49, 26, 21, 44, 32, 31, 22, 35, 49, 13, 38, 2, 48, 29, 48, 9, 45, 48, 49 >
< L10, 26, 17, 16, 1, 3, 39, 42, 1, 30, 36, 6, 30, 12, 26, 24, 45, 9, 47, 29, 7, 11, 16, 8, 8, 47, 7, 18, 43, 7, 18, 23 >
< L11, 34, 38, 34, 38, 29, 27, 39, 10, 15, 44, 40, 28, 22, 13, 22, 30, 11, 3, 38, 21, 18, 46, 28, 16, 4, 46, 8, 10, 13, 33, 44, 49, 22, 29 >
< L12, 50, 8, 24, 10, 24, 20, 1, 1, 41, 13, 24, 22, 25, 26, 9, 45, 46, 6, 22, 11, 10, 19, 21, 21, 34, 3, 16, 32, 24, 47, 17, 26, 4, 43, 37, 29 >
< L13, 37, 29, 4, 1, 2, 25, 25, 30, 33, 19, 25, 41 >
< L14, 35, 2, 13, 5, 22, 48, 9, 40, 29, 35, 36, 47, 10, 41, 41, 48, 19, 2, 36, 47, 7, 36, 50, 31, 12, 29, 16, 32, 5, 8, 23, 40, 9, 37, 46, 32, 34, 7, 21, 14, 41, 6 >
