< L0, 8, 18, 6, 6, 5, 17, 26, 45, 36, 46, 22, 5, 16, 18, 21, 12, 31, 41, 6, 26, 8, 35, 27, 40, 5, 47, 13, 7, 45, 7, 47, 2, 27, 4, 8, 31, 20, 35, 25, 7, 30 >
< L1, 11, 48, 18, 33, 11, 49, 24, 16, 26, 31, 50, 2, 20, 7, 50, 34, 15, 45, 43, 13, 48, 19, 16, 7, 49, 35, 43, 26, 44, 25, 24, 4, 22, 43, 37, 32, 41, 10, 47, 16, 42, 48, 20, 13, 6, 21, 46, 20, 17 >
< L2, 34, 15, 8, 49, 23, 7, 36, 18, 34, 29, 42, 9, 34, 13, 1, 22, 46, 44, 31, 42, 11, 24, 41, 32, 36, 49, 3, 34, 20, 19, 21, 4, 35, 31, 2, 10, 39, 39 >
< L3, 22, 17, 18, 32, 3, 32, 34, 24, 27, 27, 7, 20, 40, 30, 12, 21, 16, 10, 25, 49, 30, 46, 21, 33, 32, 1, 36 >
< L4, 39, 25, 19, 12, 43, 38, 45, 45, 21, 29, 21, 47, 7, 27, 18, 46, 6, 32, 19, 23, 41, 45, 23, 22, 40, 44, 6, 24, 46, 42, 16, 37, 18, 35, 50, 12, 24, 45, 9, 45, 23 >
< L5, 43, 31, 7, 13, 27, 12, 44, 47, 37, 34, 41, 9, 8, 33, 2, 13, 6, 50, 6, 23, 38, 25, 9, 37, 39, 33, 31, 47, 27 >
< L6, 27, 21, 36, 33, 33 >
< L7, 44, 26, 12, 30, 12, 4, 41, 19, 36, 44, 33, 43, 43, 39 >
< L8, 30, 15, 26, 19, 3, 8, 1, 49, 36, 8, 27, 9, 45, 9, 41, 8, 5, 19 >
< L9, 36, 32, 24, 26, 50, 12, 20, 34, 6, 14, 24, 23, 46, 39, 49, 14, 43, 8, 16, 44, 46 >
< L10, 20, 4, 17, 29, 44, 26, 35, 14, 46, 20, 45, 22, 48, 46, 35, 17, 30, 40, 32, 3, 15, 27, 43 >
< L11, 42, 36, 22, 8, 29, 17, 30, 50, 20, 49, 28, 16, 24, 14, 29 >
< L12, 34, 24, 43, 33, 19, 27, 1, 50, 18, 32, 5, 32, 9, 47, 46, 2, 34, 20, 9, 12, 38, 41 >
< L13, 8, 39, 41, 25, 14, 5, 3, 35, 40, 28, 27, 22 >
< L14, 5, 24, 48, 23, 5, 2, 6, 15, 49, 2, 17, 34, 23, 27, 48, 10, 19, 9, 17, 7, 1, 43, 23, 7, 46, 7, 48, 25, 36, 21, 23, 40, 44, 21, 14, 1, 22, 20, 15, 22, 23, 31, 6, 45, 10, 3, 4, 28, 13 >
< L15, 37, 15, 15, 9, 24, 12, 15, 21, 39, 50, 44, 11, 42, 39, 31, 7, 39, 5, 26, 4, 26, 48, 36 >
< L16, 44, 45, 35, 50, 23, 49, 24, 9, 14, 38, 17, 39, 2, 33, 9, 40, 35, 4, 2, 26, 43, 35, 34, 31, 39, 10, 36, 16, 9, 22, 49, 5, 18 >
< L17, 4, 40, 36, 27, 50, 1, 16, 18, 39, 19, 3, 49, 10, 37, 3, 12, 14, 47, 46, 47, 29, 36, 8, 15, 1, 17, 38, 1, 21, 5, 38, 26, 47, 23, 2 >
< L18, 23, 19, 16, 13, 38, 18, 11, 47, 6, 15, 10, 19, 11, 5, 15, 42, 40, 23, 6, 43, 41, 43, 43, 13, 47, 30, 38, 45, 4, 41, 43, 26, 9, 8, 40, 46, 27, 1, 45, 32, 17, 4, 50, 30, 9, 16 >
< L19, 50, 40, 26, 42, 30, 20, 37, 44, 18, 18, 31, 13, 22, 23, 5, 49, 32, 14, 39, 29, 40 >
< L20, 23, 21, 7, 27, 22, 36, 37, 37, 6, 38, 29, 33, 30, 8, 2, 18, 4, 20, 35, 34, 34, 6, 7, 38, 5, 40, 1, 45, 18, 42, 35, 41, 14, 43, 19, 35, 29, 5, 23, 36, 42 >
< L21, 19 >
< L22, 11, 22, 42, 14, 43, 27, 49, 26, 32, 7, 15, 38, 46, 17, 32, 16, 8, 18, 8, 21, 11, 26, 7 >
< L23, 32, 30, 26, 25, 32, 46, 50, 42, 18, 41, 7, 12, 17, 6, 38, 1, 14, 4, 38, 10, 21, 22, 27, 28, 41, 34, 1, 1, 9, 7, 43, 42, 36, 19, 16, 18, 16, 15, 11, 35, 6 >
< L24, 47, 24, 25, 36, 24, 38, 39, 14, 49, 9, 37, 25, 39, 27, 8, 39, 30, 18 >
< L25, 22, 9, 31, 42, 27, 50, 8, 41, 12, 42, 48, 31, 40, 22, 5, 25, 45, 45, 14, 8, 43, 22, 44, 20, 10, 23, 29, 50, 4, 49, 45, 25, 7, 27, 19, 33, 28, 26, 26, 39, 19, 23, 20, 9, 44 >
< L26, 33, 39, 20, 46, 48, 15, 20, 44, 34, 31, 18, 14, 31, 21, 12, 27, 45, 21, 3, 13, 5, 30, 40, 30 >
< L27, 9, 3, 37, 19, 48, 13, 1, 38, 34, 49, 36, 48, 20, 31, 33, 2, 48, 47 >
< L28, 18, 10, 10, 14, 30, 12, 29, 37, 41, 18, 16, 11, 28, 20, 49, 46, 18, 13, 49, 7, 47, 49, 42, 46, 20, 24, 29, 21, 21, 27, 5, 40, 38, 14 >
< L29, 20, 28, 34, 6 >
< L30, 1, 21, 30, 31, 43, 31, 28, 12, 43, 26, 18, 41, 26, 12, 37, 45, 35, 15, 18, 8 >
< L31, 22, 47, 30, 37, 2, 49, 14, 35, 6, 34, 38, 29, 15, 20, 21, 45, 47, 34, 40, 25, 1, 30, 50, 12, 16, 47, 49, 32, 14, 6, 24, 37, 4, 6, 23, 6, 6, 39, 42, 12, 24, 31, 40 >
< L32, 50, 12, 35, 47, 45, 24, 21, 45, 3, 22, 9, 21, 18, 7, 2, 31, 14, 28, 17, 17, 35, 42, 24, 40, 32, 16, 3, 5, 48, 44, 44, 48, 5, 30, 46, 49, 5, 18, 46, 10 >
< L33, 6, 30, 7, 12, 33, 39, 25, 10, 8, 43, 44, 1, 17, 36, 32, 34, 40, 38, 31, 34, 33, 28, 38, 15, 25, 39, 19, 42, 36, 28, 31, 41, 9, 39, 4, 42, 29, 30, 3 >
< L34, 22, 49, 38, 38, 34, 19, 23, 25, 6, 4, 8, 41, 33, 46, 5, 8, 36, 23, 1, 21, 3, 31, 11, 11, 21, 16, 4, 50, 45, 7, 37, 16, 5, 25, 6, 40 >
< L35, 28, 14, 1, 33, 22, 41, 16, 19, 45, 25, 6, 19, 25, 26, 21, 8, 38, 34, 28, 3, 37, 29, 49, 43, 16, 14, 49, 40, 21, 40, 34, 1, 4, 36, 33, 27, 26, 50, 47, 22, 26, 2, 41 >
< L36, 29 >
< L37, 10, 16, 46, 39, 20, 35, 18, 18, 27, 33, 33, 28, 24 >
< L38, 17, 9, 6, 22, 45, 38 >
< L39, 22, 40, 46, 46, 15, 47, 38, 17, 25, 50, 26, 42, 48, 15, 13, 32, 34, 32, 10, 18, 17, 37, 43, 22, 6, 1, 29, 27, 47, 18, 25, 19, 7, 20, 16, 24, 19, 3, 40, 45, 2, 18, 39, 1, 34, 3, 32, 17 >
< L40, 44, 34, 3, 32, 28, 24, 37, 28, 4, 14, 27, 21, 40, 45, 28, 9, 12, 1, 29, 14, 42, 24, 17, 9, 14, 18, 42, 16, 1, 10, 2, 44, 45, 4, 26 >
< L41, 29, 12, 2, 32, 27, 28, 3, 16, 24, 32, 27, 35, 32, 5, 48, 23, 30, 14, 34, 43, 33, 27 >
< L42, 34, 37, 12, 29, 31, 16, 4, 5, 46, 18, 6 >
< L43, 44, 33, 30, 10, 6, 11, 36, 42, 44, 42, 39, 18, 24, 4, 1, 16, 37, 28, 28, 20, 16, 40, 48, 48, 7, 4, 2, 2 >
< L44, 7, 31, 16, 41, 12, 27, 48, 22, 14, 39, 17, 6, 27, 35, 29, 31, 37, 46, 17, 16, 24 >
