< L0, 15, 35, 31, 23, 38, 34, 24, 10, 43, 5, 26, 33, 18, 2, 31, 40, 16, 21, 8, 23, 50, 44, 3, 30, 33, 50, 48, 48, 25, 37, 33, 39, 21 >
< L1, 11, 11, 46, 37, 20, 38, 43, 47, 23, 10, 1, 5, 1 >
< L2, 25, 11, 40, 24, 4, 44, 5, 36, 43, 4, 36, 18, 40, 18, 8, 13, 32, 21 >
< L3, 29, 9, 44, 19, 3, 43, 41, 12, 43, 47, 15, 10, 23, 25, 1, 49, 30, 46, 5, 16, 38, 9, 3 >
< L4, 50, 22, 15, 14, 3, 37, 38 >
< L5, 45, 32, 1, 47, 24, 43, 10, 18, 39, 26, 27, 12, 50, 29, 10, 32, 24, 14, 47, 11, 24, 1, 20, 26, 22, 36, 39, 26, 22, 27, 8, 18, 8 >
< L6, 16, 33, 1, 25, 50, 42, 3, 28, 3 >
< L7, 6, 14, 35, 31 >
< L8, 33, 41, 3, 33, 12, 28, 4, 47, 16, 29, 18, 42, 39, 37, 1, 47, 2, 35, 49, 29, 34, 40, 31, 13, 42, 34, 18 >
< L9, 19, 48, 34, 1, 41 >
< L10, 34, 2, 13, 39, 1, 30, 20, 20, 22, 8, 7, 24, 6, 8, 9, 4, 36, 44, 44, 18, 7, 37, 2, 24, 44, 20, 24, 29, 22, 16, 14, 7, 19, 28, 48, 19 >
< L11, 17, 39, 30, 26, 45, 6, 31 >
< L12, 14, 34, 42, 9 >
< L13, 9, 15, 16, 12, 41, 11, 33, 16, 39, 5, 31, 4, 11, 49, 31, 10, 18, 39, 26, 8, 21, 1, 2, 26, 33, 7, 41, 19, 48 >
< L14, 47, 9, 16, 14, 20, 6, 24, 3, 23, 12, 9, 3, 15, 21, 3, 47, 31, 20, 38, 8, 29, 8, 11, 30, 35, 43, 39, 25, 11, 38, 25, 8, 46, 40, 21, 18, 47, 47, 22, 19, 8, 30, 23, 25, 50, 26, 23, 32, 47 >
< L15, 40, 26, 17, 50, 7, 1, 42, 45, 27, 5 >
< L16, 4, 12, 30, 45, 34, 47, 42, 32, 20, 12, 40, 49, 35, 16, 1, 12, 38, 32, 8, 48, 23, 33, 16, 22, 40, 19, 16, 36, 47, 20, 18, 50, 33 >
< L17, 45, 18, 48, 38, 50, 18, 49, 41, 18, 35, 6, 18, 46, 45, 2, 6, 44, 24, 38, 10, 48, 29, 30, 15, 15, 26, 34, 34, 26, 18, 35, 22, 35, 33, 9, 34, 2, 7, 24, 19, 44, 31, 37, 41, 28, 40, 46, 21, 15, 36 >
< L18, 12, 16, 11, 28, 32, 39, 13, 18, 16, 30, 2, 37, 15, 36, 45, 50, 37, 3, 26, 6, 48, 8, 44, 39, 35, 33, 36, 6, 47, 23, 39, 11 >
< L19, 2, 40, 20, 40, 3, 37, 5, 32, 41, 43, 48, 26, 37, 50, 13, 39, 25, 18, 39, 34, 13, 27, 19, 45, 12, 26, 43, 37, 14, 5, 25, 15, 45, 44, 6, 47, 33, 12, 28 >
< L20, 4, 28, 50, 40, 27, 12, 31, 3, 31, 19, 36, 43, 47, 6, 39, 10, 31, 32, 46, 47, 38, 20, 11 >
< L21, 16, 19, 28, 50, 30, 8, 22, 34, 37, 21, 25, 13, 35, 7, 17, 17, 25, 4, 10, 21, 10, 50, 33, 40, 33, 28, 38, 21, 48, 49, 2, 15 >
< L22, 32, 14, 48, 39, 37, 33, 27, 9, 10, 39, 43, 16, 7, 10, 41, 10, 21, 13, 19 >
< L23, 45, 11, 5, 23, 48, 25, 22, 48, 26, 36, 18, 9, 1, 18, 49, 37, 50, 25, 45, 9, 13, 40 >
< L24, 21, 49, 17, 31, 21, 31, 1, 42, 26, 13, 46, 50, 13, 22, 23, 12, 50, 10, 30, 8, 10, 47, 7, 48, 48 >
< L25, 42, 9, 46, 31, 33, 16, 31, 1, 48, 3, 31, 1, 47, 8, 15, 44, 9, 29, 16, 31, 41, 15, 42, 22, 24, 3, 20, 30, 50, 19, 13 >
< L26, 27, 8, 24, 11, 25, 7, 11, 25, 11, 44, 27, 7, 1, 41, 1, 12, 20, 18, 44, 12, 34, 36, 33, 7, 38, 4, 39, 38, 22, 3, 31, 49, 10, 6, 9, 36, 14, 22, 12, 25, 17, 38 >
< L27, 19, 31, 33, 30, 50, 2, 24, 13, 37, 11, 47, 46, 48, 50, 34, 37, 21, 36, 19, 21, 47, 25, 32, 34, 38, 5, 46, 12, 21, 35, 45 >
< L28, 15, 29, 19, 16, 33, 44, 28, 19, 4, 24, 14, 1, 25, 47, 40, 48, 34, 8, 18, 32, 34, 1, 16, 22, 5, 13, 35, 25, 49, 31, 14, 16, 10, 34, 31, 42, 27, 11, 10 >
< L29, 36, 26, 32, 11, 22, 21, 10, 8, 31, 29, 41, 14, 30, 8, 37, 34, 20, 24, 11, 21, 4, 26, 36, 15, 9, 16, 6, 35, 28, 18 >
< L30, 14, 43, 47, 26, 16, 20, 35, 25, 2, 13, 16, 17, 42, 23, 4, 28 >
< L31, 27, 40, 15, 30, 15, 2, 47, 23, 19, 2, 9, 47, 21, 26, 10, 15, 22, 35, 33, 43, 21, 9, 46, 33, 26, 13, 25, 49, 18, 4, 45, 44, 43, 9, 25, 9, 12, 21, 33, 30, 25, 41, 26, 47, 16 >
< L32, 14, 39, 21, 48, 34, 41, 6, 31, 26, 32, 43, 50, 32, 10, 5, 26, 5, 49, 36, 30, 7, 47, 2, 39, 26, 28, 31, 4, 25, 48, 40, 40, 38, 13, 37, 23, 3 >
< L33, 4, 30, 27, 46, 31, 8, 8, 35, 35, 12, 33, 22, 43, 41, 18, 47, 29, 46, 24, 11, 1, 50, 8, 40, 39, 48, 2, 27, 20, 7, 21, 25, 36, 47, 21, 17, 7, 30, 3, 43, 41, 36, 15, 36 >
< L34, 34, 32, 9, 29, 7, 19, 31, 7, 29, 21, 47, 26, 22, 24, 47, 30, 46, 22, 16, 44, 44, 34, 2, 23, 36, 45, 15, 23 >
< L35, 2, 1, 42, 33, 9, 23, 42, 27, 3 >
< L36, 7, 23, 44, 34, 47, 19, 31, 26, 14, 4, 43, 8, 47, 26, 9, 21, 12, 5, 35, 36, 13, 39, 36, 7, 23, 44, 29, 14, 23, 33, 11, 31, 8, 7, 15, 4, 25, 45, 31, 41, 48, 24, 50, 46, 1, 10, 16, 14 >
< L37, 2, 50, 27, 40, 35, 33, 13, 31, 13, 26, 5, 46, 39, 35, 3 >
