< L0, 8, 21, 45, 38, 11, 44, 13, 10, 41, 16, 20, 6, 29, 34, 10, 30, 12, 1, 17, 47, 15, 47, 9, 43, 1, 4, 31, 37, 8, 27, 38, 15, 47, 32, 5, 10, 28, 19, 19, 18, 34, 40, 24, 15, 25, 35, 44, 37, 35 >
< L1, 33, 50, 8, 41, 44, 10, 47, 24, 49, 6, 2, 36 >
< L2, 48, 17, 29, 7, 44, 47, 28, 12, 33, 19, 37, 49, 44, 21, 44, 30, 7, 6, 12, 8, 15, 4, 1 >
< L3, 2, 26, 23, 8, 27, 8, 32, 27, 26, 10, 35, 22, 8, 12, 33, 42, 33, 21, 40, 26, 43, 36, 5, 49, 41 >
< L4, 9, 7, 23, 11, 33, 25, 37, 5, 34, 15, 14, 15, 41, 42, 26, 26, 13, 33 >
< L5, 47, 25, 21, 17, 16, 48, 11, 1, 2, 11, 43, 21, 19, 50, 44, 32, 32, 18, 18, 39, 3, 34, 4, 17, 25, 45, 42, 2, 9, 26, 42, 5, 50, 15, 23, 18, 12, 33, 18 >
< L6, 44, 13, 36, 14, 14, 29, 45, 45, 48, 14, 35, 50, 48, 41 >
< L7, 22, 37, 9, 25, 46, 37, 16, 50, 36, 30, 25, 3, 42, 7, 23, 7, 2, 35 >
< L8, 16, 48, 23, 12, 44, 20, 26, 31, 20, 23, 21, 37, 46, 7, 48, 20, 4, 34, 35, 6, 21, 17, 30, 26, 10, 38, 50, 18, 40, 36, 11, 7, 33, 33, 18, 28, 5, 43, 10, 26, 17, 32, 14, 12 >
< L9, 13, 31, 44, 48, 18, 49, 19, 34, 28, 46, 45, 18, 45, 12, 7, 30, 24, 15, 14, 9, 34, 43, 13, 29, 5, 38, 45, 36, 1, 7, 26, 16, 37, 20, 13, 6, 20, 33, 41, 48, 28 >
< L10, 15, 24, 48, 23, 5, 22, 39, 20, 30, 22, 13, 42, 50, 17, 31, 47, 4, 33, 3, 32, 48, 41, 1, 11, 47, 20, 43, 37, 19, 23, 24, 35, 46, 21, 9 >
< L11, 42, 47, 22 >
< L12, 21, 34, 16, 20, 2, 46, 18, 8, 31, 20, 39, 30, 13, 41, 40, 11, 10, 35, 47, 31, 7, 22, 17 >
< L13, 43, 26, 6, 36 >
< L14, 30, 9, 42, 13, 26, 14, 17, 24, 33, 26, 4, 3, 14, 33, 17, 4, 25, 27, 15, 9, 25, 47 >
< L15, 47, 14, 22, 39, 39, 30, 26, 12, 9, 36, 6, 23, 12, 21, 41, 35, 3 >
< L16, 40, 5, 31, 24, 21, 34, 48, 47, 1, 8, 22, 49, 26, 20, 12, 50 >
< L17, 2, 29, 35, 14, 39, 21, 19, 11 >
< L18, 39, 2, 20, 43, 19, 9, 48, 50, 34, 20, 35, 32, 19, 35, 41, 42, 36, 19, 11, 47, 18, 20, 49, 48, 6, 14, 36, 28, 32, 46, 11, 22, 49, 30 >
< L19, 18, 40, 13, 17, 24, 35, 1, 7, 5, 38, 49, 48, 23, 17 >
< L20, 21, 36, 31, 19, 33, 36, 32, 18, 14, 15 >
< L21, 26, 38, 14, 6, 4, 31, 47, 18, 47, 22, 4, 48, 28, 8 >
< L22, 29, 7, 9, 47, 16, 29, 33, 46, 50, 15, 34, 33, 35, 49, 50, 50, 24, 39, 13, 31, 42, 44, 28, 12, 40, 49, 15, 39, 29, 25, 27, 9, 31, 37, 5, 49, 16 >
< L23, 46, 17, 4, 29, 49, 38, 29, 50, 37, 3, 39, 1, 35, 32, 44, 12, 43, 36, 13, 10, 26, 43, 34, 3, 1, 16, 39, 5, 14, 6, 44, 12, 24, 47, 40, 25, 36 >
< L24, 24, 24, 23, 12, 24, 7, 46, 18, 21, 38, 5, 35, 49, 30, 27, 34, 34, 29, 50, 25, 35 >
< L25, 32, 28, 26, 6, 26, 18, 30, 11, 38, 5, 34, 12, 19, 8, 20 >
< L26, 27, 40, 1, 31, 26, 2, 12, 4, 35, 48, 32, 34, 24, 19 >
< L27, 5 >
< L28, 26, 12, 22, 45, 43, 32, 34, 48, 18, 45, 16, 25, 15, 29, 1, 4, 31, 33, 32, 32, 44, 35, 17, 41, 17, 2, 16, 35, 2, 21, 32, 30, 34, 5, 26, 27, 37, 10, 24, 4, 4, 41, 30, 18, 21, 32 >
< L29, 1, 14, 5, 35, 9, 39, 3, 50, 7, 4, 17, 43, 8, 37, 25, 37, 21, 29, 14, 49, 17, 23, 24, 22 >
< L30, 14, 3, 46, 34, 34, 19, 36, 47, 25, 22, 6, 16, 24, 7, 24, 28, 23, 17, 37, 12, 43, 25, 34, 23, 38, 32, 42 >
< L31, 5, 13, 37, 20, 18, 34, 5, 1, 3, 40, 48 >
< L32, 12, 5, 44, 37, 11, 18, 16, 35, 36, 2, 46, 28, 26, 29, 2, 14, 12, 43, 24, 16, 6, 12, 35, 23, 45, 39, 25, 49, 31 >
< L33, 30, 44, 28, 23, 30, 40, 42, 46, 27, 29, 49, 22, 6, 27, 3, 10, 40, 14, 2, 15, 32, 9, 28, 18 >
< L34, 24, 7, 8, 23, 39, 31, 4, 32, 11, 28, 13, 50, 20, 10, 26, 50, 9, 50, 8, 35, 4, 17, 26, 19, 18, 42, 50, 27, 19, 20, 9, 42, 26 >
< L35, 16, 14, 49, 19, 47, 9, 49, 9, 10, 18, 19, 38, 19, 29, 37, 26, 15, 42 >
< L36, 40, 10, 10, 31, 12, 38, 1, 31, 48, 44, 8, 16, 10, 23, 16, 30, 21, 26, 28, 29, 35, 47, 49, 24, 16, 27, 10, 43, 41, 3, 35, 32, 15, 46, 14, 26, 33, 14, 8, 30, 8, 17 >
< L37, 19, 41, 10, 50, 11, 35, 30, 39, 22, 28, 40, 45, 45, 18, 7, 38, 9, 9, 22, 42, 25, 17, 6, 2, 49, 19, 9, 30, 28, 27, 25, 46, 17, 36, 46, 27, 23, 25, 18, 46, 4, 7, 40, 49, 26 >
< L38, 36, 34, 9, 9, 28, 33, 25, 33, 35, 25, 3, 45, 4, 31, 22, 30, 26, 40, 18, 23, 19, 40, 49, 36, 35, 3, 44, 26, 1, 19, 24, 38, 5, 32, 46, 34, 14, 22, 16, 48, 46, 18, 43, 1, 50, 16, 33, 26 >
< L39, 2, 48, 23, 41, 49 >
< L40, 27, 1, 5, 4, 3, 26, 27, 40, 32, 10 >
< L41, 15, 26, 6, 32, 23, 3, 49, 17, 5, 49, 34, 37, 26, 39, 38, 25, 13, 30, 23, 25, 8, 25, 29, 12, 27, 6, 40, 16, 37, 50, 2, 3, 25, 7, 34 >
< L42, 11, 35, 18, 16, 33, 3, 4, 10, 43, 44, 34, 6, 23, 9, 32, 33, 33, 12, 46, 12, 18, 35, 27, 6, 36, 29, 9, 12, 37, 42, 11, 48, 26, 30, 15, 10, 32, 18, 21, 25, 11, 7, 32, 36, 15, 13, 20, 49, 24 >
< L43, 10, 43, 49, 39, 49, 37, 17, 9, 48, 5, 2, 10, 4, 28, 39 >
< L44, 39, 23, 38, 10, 49, 50, 16, 30, 37, 32, 44, 6, 30, 17, 22, 42, 12, 23 >
