< L0, 9, 48, 20, 6, 2, 21, 16, 8, 50, 4, 27, 39 >
< L1, 14, 50, 26, 16, 17, 5, 4, 48, 48, 12, 29, 17, 33, 20, 30, 5, 49, 41, 13, 46, 10, 21, 50, 30, 36, 7, 30, 41 >
< L2, 20, 19, 49, 19, 46, 14, 35, 1, 17, 34, 50, 28, 12, 18, 13, 32, 47, 17, 32, 37, 32, 28, 48, 2, 29, 28, 39, 35, 9, 29, 17, 28, 49 >
< L3, 48, 45, 30, 32, 47, 49, 15, 48, 28, 28, 16, 40, 11, 14, 9, 43, 1 >
< L4, 22, 48, 43, 50, 27, 33, 36, 35, 11, 4, 14, 12, 21, 11, 6, 50, 44, 2, 50, 10, 49, 28, 40, 16, 17, 50, 30, 25, 42, 32, 16, 13, 31, 10, 14, 8, 42, 49, 44, 5 >
< L5, 10, 16, 25 >
< L6, 21, 24, 16, 24, 26, 27, 24, 3, 16, 40, 21, 16, 21, 46, 9, 2, 13, 24, 32, 23, 37, 41 >
< L7, 38, 35, 20, 42, 46, 35, 16, 17, 5, 41, 34, 30, 16, 11, 4, 18 >
< L8, 45, 39, 45, 15, 36, 4, 16, 48, 27, 47, 22, 15, 40, 38, 2, 26, 7, 45, 21, 44, 10, 37, 50, 1, 21, 30, 16, 33 >
< L9, 36, 10, 29, 26, 5, 43, 11, 10, 8, 10, 36, 6, 32, 2, 45, 21, 4, 20, 29, 48, 40, 22, 10, 29, 22, 10, 1, 3, 27, 33, 37, 14, 44, 15, 39 >
< L10, 7, 49, 9, 14, 11, 46, 21, 44, 48, 16, 16, 3, 37, 44, 2, 29, 18, 11, 7, 41, 22, 7, 43, 1, 41, 29, 14, 34, 45, 3, 34, 1, 3, 44, 16, 15, 40, 36, 8, 37, 3, 23, 39, 42, 19, 42, 20, 36, 3, 28 >
< L11, 26, 36, 20, 26, 26, 48, 40, 11, 44, 44, 46, 44, 48, 40, 11, 15, 31, 48, 22, 19, 3, 47, 9, 44, 15, 50 >
< L12, 2, 2, 42, 29, 28, 27, 48, 5, 4, 47, 44, 16, 40 >
< L13, 14, 35, 39, 5, 45, 3, 35, 44, 26, 3, 46, 22, 13, 39, 38, 12, 3, 41, 16, 44, 19, 45, 22, 18, 49, 27, 14, 45, 43, 3, 33, 8, 39, 23, 12, 33, 25, 46, 29 >
< L14, 50 >
< L15, 24, 12, 13, 12, 25, 17, 4, 40, 13, 23, 34, 34, 40, 33, 13, 6, 27, 7, 8, 11, 14, 49, 34, 25 >
< L16, 8, 22, 11, 10, 21, 35, 34, 34, 49, 47, 8, 15, 50, 48, 27, 24, 33, 13, 16, 15, 25, 21, 43, 33, 30, 4, 46, 28, 37, 20, 11, 46, 41 >
< L17, 6, 13, 7, 41, 46, 5, 37, 3, 22, 38, 2, 48, 12, 35, 12, 27, 49, 38, 49, 44, 20 >
< L18, 47, 15, 6, 35, 36, 18, 30, 26, 40, 37, 40, 47, 27, 35, 3, 13, 40, 24, 3, 41, 24, 14, 27, 37, 42, 28, 25, 40 >
< L19, 44, 17, 17, 9, 24, 3, 46, 43, 32, 22, 33, 21, 11, 31, 47, 48, 33, 12, 37, 9, 14 >
< L20, 34, 27, 6, 20, 20, 33, 44, 9, 5, 40, 27, 23, 50, 1, 25, 45, 45, 6, 18, 27, 26, 31, 7, 25, 28, 42, 36, 16, 2 >
< L21, 46 >
< L22, 27, 3, 6, 48, 35, 2, 6, 41, 41, 34, 13, 42, 34, 37, 36, 31, 45, 4, 7, 22, 36, 16, 48, 15, 9, 33, 30, 10, 33, 25, 46, 11, 28, 3, 10 >
< L23, 4, 15, 7, 46, 49, 19, 37, 34, 8, 25, 14, 2, 28, 23 >
< L24, 15, 40, 23, 29, 48, 7, 8, 9, 40, 34, 4, 2, 13, 8, 12, 29, 12, 28, 35, 9, 28, 5, 46, 14, 12 >
< L25, 29, 15, 49, 1, 40, 13, 40, 14, 43, 39, 20, 50, 47, 11, 35, 2, 15, 50, 10, 28 >
< L26, 23, 5, 14, 31, 35, 20, 28, 48, 32, 49, 26, 48, 47, 29, 39, 11, 20, 2, 3, 9, 22, 4, 7, 32, 41, 11, 48, 40, 22, 25 >
< L27, 46, 30, 34, 26, 14, 5, 6, 13, 38, 4, 40, 36, 3, 18, 24, 15, 40, 28, 18 >
< L28, 49, 23, 6, 32, 13, 18, 30, 4, 39, 4, 24, 34, 35, 9, 12, 50, 14, 17, 14, 1, 22, 4, 38, 24, 23, 14, 39, 12, 41, 8, 11, 41, 30, 19, 22, 45, 36, 3, 50, 27, 9, 24, 10, 45, 34, 23, 47, 47, 41, 10 >
< L29, 15, 13, 39, 38, 36, 2, 28, 49, 42, 37, 10, 34, 19, 28, 6, 13, 13, 10, 12, 41, 18, 37, 3, 15, 21, 25, 11, 19, 18, 20, 18, 32, 35, 9, 21, 22, 10, 49, 20, 4, 37, 31, 37, 5, 8, 44, 19, 23, 6, 33 >
