< L0, 19, 15, 37, 39, 42, 49, 10, 9, 21, 29, 42, 5, 37, 12, 28, 49, 12, 49, 4, 49, 30, 42, 3 >
< L1, 36, 22, 11, 41, 4, 26, 15, 24, 42, 4, 15, 33, 2, 24, 43, 24, 2, 34, 28, 41, 46, 7, 39, 7, 6, 42, 7, 35, 33, 12, 25, 20, 35, 36, 12, 38, 13, 27, 13 >
< L2, 32, 27, 39, 35 >
< L3, 31, 9 >
< L4, 17, 38, 46, 14, 45, 34 >
< L5, 2, 25, 29, 38, 9, 40, 12, 29, 24, 49, 42, 13, 11, 18, 27, 15, 1, 6, 5, 38, 7, 37 >
< L6, 12, 3, 35, 7, 18, 31, 40, 40, 32, 16, 20, 19, 27, 11, 33, 7, 36, 31, 48, 50, 42, 18, 26, 8, 18, 31, 14, 5, 38, 50, 2, 1, 5, 37, 8, 22, 17, 49, 13, 1, 17, 32, 19, 43, 44, 3 >
< L7, 29, 34, 46, 28, 25, 13, 4, 34, 33, 36, 47, 39, 25, 48, 41, 26, 2, 27, 35, 26, 45, 35, 38, 45, 3, 22, 16, 47, 15, 18, 45, 46, 1, 43, 23, 27, 7, 28, 10, 41, 16, 8, 30, 40, 6, 20, 17, 9, 48 >
< L8, 34, 42, 38 >
< L9, 37, 40, 45, 2, 37, 11, 19, 33, 6, 22, 27, 31, 48, 36, 10, 10, 26, 25, 17, 5, 17, 24 >
< L10, 33, 33, 23, 36, 16, 15, 25, 39, 3, 16, 35, 4, 2, 46, 24, 37, 3, 45, 15, 35, 45, 50, 45, 4, 26, 21 >
< L11, 32, 37, 46, 10, 22, 28, 32, 9, 45, 48, 33, 36, 50, 48, 20, 5, 2, 17, 31, 40, 20, 27 >
< L12, 6, 21, 4, 50 >
