< L0, 23, 46, 14, 9, 41, 23, 32, 20, 7, 40, 16, 4, 22, 3, 6, 22, 23, 12, 25, 41, 42, 14, 12, 19, 17, 18, 41, 22, 17, 15, 2 >
< L1, 10, 18, 50, 2, 40, 33, 23, 46, 23, 40, 2, 46, 43, 9, 19, 17, 20, 43, 7, 14, 6, 21, 34, 25, 38, 24, 46, 6, 40, 48, 47, 1, 15, 48, 2, 6, 30, 26, 4, 4, 18 >
< L2, 2, 10, 15, 20, 28 >
< L3, 15, 36, 49, 22, 6, 34, 46, 43, 8, 42, 49, 47, 39, 47, 48, 5, 44, 1, 12, 25, 29, 15, 29, 46, 21, 32, 7, 35, 3, 36, 21, 17, 21, 21 >
< L4, 27, 5, 34, 21, 14, 25, 21, 10, 15, 17, 9, 21, 10, 12, 33, 35, 40, 49, 15, 37, 20, 46, 45, 6, 48, 30, 28, 17, 2, 49, 5, 30, 3, 40, 1, 16, 17, 21, 27 >
< L5, 40, 38, 4, 49, 49, 36, 35, 40, 34, 1, 28, 5, 46, 22, 11, 46, 3, 38, 12, 4, 36, 18, 36, 40, 9, 36, 7, 25, 8, 34, 8 >
< L6, 21, 11, 48, 21, 46, 34, 10, 31, 35, 37, 36, 32, 10, 48, 29, 14, 35, 42, 19, 23, 9, 4, 14, 18, 41, 21, 44, 49, 6, 1, 47, 26, 11, 46, 48, 6, 30, 7, 39, 16, 45, 24, 49, 4, 21, 28, 17 >
< L7, 19, 37, 29, 30, 41, 45, 49 >
< L8, 15, 42, 31, 20, 43, 30, 47, 3, 25, 44, 11, 6, 50, 49, 23, 46, 24, 22, 1, 46, 1, 19, 4, 19, 5, 33, 50, 45, 29, 48, 28 >
< L9, 40, 8, 14, 34, 37, 10, 36, 14, 3, 48, 21, 4, 48, 44, 1, 21, 15, 1, 18, 17, 19, 22, 35, 23, 6, 37, 20, 34, 34, 47, 26, 25, 6, 41, 8, 45, 50, 46, 10, 4, 43, 30, 9 >
< L10, 23, 9, 13, 39, 11, 31, 5, 29, 2, 42, 3, 7, 28, 22, 42, 13, 20, 19, 38, 26, 9, 47, 22, 10, 42, 31, 13, 35, 10, 23, 27, 33, 33, 39, 23, 43, 19, 28, 23, 22, 21 >
< L11, 30, 48, 47, 21, 12, 18, 39, 49, 43, 49, 48, 16, 8, 39, 46, 22, 25, 8, 44, 1, 42, 26, 40, 14, 20 >
< L12, 41, 42, 32, 13, 17, 11, 10, 15, 32, 22 >
< L13, 22, 22, 27, 21, 19, 42, 30, 10, 40, 2, 34, 47, 45, 35, 38, 23, 26, 1, 42, 35, 44, 36, 16, 6, 2, 29, 18, 18, 12, 41, 1, 33 >
< L14, 27, 5, 33, 21, 35, 42, 12, 36, 27, 10, 32, 13, 47, 4 >
< L15, 49, 48, 23, 44, 35, 40, 2, 38, 18, 21, 5, 29, 13, 5, 14, 26, 34, 18, 10, 6, 4, 1, 17, 41, 30, 28, 23, 42, 26, 28, 30, 26, 27, 4, 22, 11, 45, 25 >
< L16, 13, 45, 2, 43, 7, 9, 8, 32, 42, 28, 42, 49, 31, 44, 17, 22, 25, 44, 46, 17, 19, 23, 48, 46, 50, 1, 17, 10, 47, 41, 8, 9, 35, 11, 4, 43, 19, 11, 27, 12, 40, 20, 12, 21, 15, 28, 44, 40 >
< L17, 39, 8, 43, 11, 5, 39, 12, 7, 5, 24, 3, 46, 31, 14, 32, 43, 19, 27, 12, 31, 3, 25, 21 >
< L18, 37, 43, 38, 16, 36, 29, 39, 26, 36, 33, 36, 42, 21, 50, 48, 26, 23, 3, 23, 5, 18, 6, 47, 36 >
< L19, 10, 16, 36, 35, 38, 9, 23, 30, 49, 38, 15, 27, 28, 40, 15, 11, 28, 6, 33, 27, 4, 10, 1, 8, 32, 5, 25, 40, 1, 10, 21, 11 >
< L20, 9, 47, 15, 17, 21, 44, 17, 10, 9, 44, 38, 50, 8, 50, 27, 13, 32, 5, 18, 42, 7, 25, 25, 11, 49, 14, 14 >
< L21, 37, 26, 37, 45, 24, 3, 11, 44, 46, 30 >
< L22, 6, 23, 42 >
< L23, 32, 41, 34, 46, 25, 41 >
