< L0, 47, 40, 42, 8, 41, 8, 23, 2, 44, 48, 38, 38, 21, 42, 50, 16, 38, 29 >
< L1, 43, 3, 10, 50, 36, 2, 34, 32, 28, 24, 47, 47, 20, 38, 39, 29, 30, 48 >
< L2, 32 >
< L3, 50, 21, 30, 22, 13, 31, 37, 50, 12, 5, 44, 16, 16, 44, 2, 19, 29, 35, 49, 4, 33, 45, 23, 20, 35, 4, 50, 32, 4, 33, 24, 6, 3, 5, 27, 17, 38, 14, 18, 1, 20, 12, 16 >
< L4, 7, 19, 5, 37, 3, 5, 40, 35, 50, 14, 7, 34, 17, 8, 18, 23, 40, 43, 28, 44, 48, 4, 11, 37, 19, 28, 37, 38, 41, 4, 26, 47, 23, 33, 35, 25, 37 >
< L5, 12, 36, 40, 18, 22, 6, 27, 39, 30, 16, 31, 7, 9, 30, 13, 19, 16, 33, 49, 2, 23, 39, 6, 48 >
< L6, 28, 30, 22, 4, 17, 48, 17, 2, 37, 36, 23, 44, 12, 13, 24, 27, 44, 32, 38, 23, 46, 8, 39, 29, 6, 42, 3, 45, 49, 50, 32, 28, 32, 5, 34, 48, 2, 50 >
< L7, 40 >
< L8, 26, 36, 49, 38, 11, 28, 33, 44, 15, 6, 40, 22, 46, 20, 28, 39, 22, 24, 38, 23, 5, 15, 4, 9, 48, 3, 13, 50, 4, 4, 37, 29, 39, 35, 18, 49 >
< L9, 1, 43, 26, 8, 34, 50, 5, 5, 29, 43, 28, 2 >
< L10, 50, 8, 49, 6, 18, 48, 8, 32, 47, 11, 36, 33, 41, 24, 20, 11, 25, 31, 13, 19, 9, 20, 2, 10, 26, 8, 38, 18, 35, 39, 50, 36 >
< L11, 48, 41, 15, 45, 49, 47, 44, 11, 32, 28, 4, 7, 47, 16, 33, 30, 28, 1, 38, 49, 4, 47, 24, 11, 36, 43, 47, 26, 44, 33, 23, 41, 23, 37, 38, 23, 35, 33, 36, 18, 10, 39, 27, 7, 6, 9, 38, 33 >
< L12, 25, 31, 15, 23, 6, 28, 8, 48, 24, 33, 42, 8 >
< L13, 34, 31, 43, 23, 5 >
< L14, 5, 40, 47, 17, 30, 23, 23, 35, 34, 10, 19, 45, 36, 1, 11, 10, 6, 40, 17, 6, 16, 1, 47, 23, 7, 32, 5, 49, 5, 10 >
< L15, 11, 1, 27, 27, 33, 1, 1, 17, 34, 12, 38, 30, 49, 38, 43, 8, 44, 32, 26, 49, 47, 26, 47, 22, 32, 30, 26, 33, 36, 37 >
