< L0, 40, 40, 25, 22, 41, 28, 40, 26, 39, 27, 8, 40, 15, 50, 47, 10, 33, 23, 10, 32, 50, 8, 3, 32, 39, 30, 16, 25, 17, 27, 23, 8, 19, 49, 31, 11, 26, 20, 36, 17, 49, 45, 8, 15, 44, 4, 26, 29, 28 >
< L1, 10, 28, 44, 12, 11, 32, 41, 26, 8, 9, 4, 32, 16, 22, 31, 46, 32, 8, 18, 20, 26, 16, 14, 33, 32, 10, 39, 7, 38, 16, 43, 47, 45, 36, 10 >
< L2, 19, 50, 32, 27, 11 >
< L3, 8, 26, 9, 40, 24, 43, 50, 41, 14, 25, 8, 27, 10, 39, 38, 48, 45, 27, 15, 37, 23, 10, 24, 34, 16, 42, 34, 50, 20, 44, 37, 30, 21, 47, 19, 44, 39, 18 >
< L4, 2, 45, 43, 31, 4, 31, 18, 3, 27, 45, 17, 13, 19, 28, 38, 3, 46, 30, 38, 45, 1, 33, 33, 30, 5, 29, 1, 1, 18, 20, 36, 21, 16, 29, 1, 19 >
< L5, 21, 23, 40, 17, 40, 4, 37, 19, 42, 41, 16 >
< L6, 30, 12, 23, 12, 44, 5, 19, 23, 7, 19, 42, 26, 4, 12, 42, 34, 15, 12, 47, 35, 35, 36, 3 >
< L7, 39, 39, 46, 30, 32, 12, 2, 11, 23, 27, 25, 17, 33, 43, 39, 39, 11, 30, 14, 16, 43, 7, 50, 7, 19, 48 >
< L8, 5, 33, 47, 30, 21, 38, 25, 3, 19, 38, 6, 31, 11, 32, 5, 29, 16, 47, 17, 4, 9, 48, 18, 25, 42, 26, 26, 1, 46, 23, 43, 50, 7, 42, 29, 27, 29, 6, 31, 49, 43, 37, 29 >
< L9, 20, 34, 33, 36, 32 >
< L10, 39 >
< L11, 50, 8, 17, 42, 34, 44, 44, 29, 18, 38, 31, 24, 29, 11, 2, 7, 16, 33, 5, 11, 21, 34, 17, 40, 19, 50, 27, 50, 2, 16, 42, 4, 25, 8, 47, 10, 3, 40, 41, 20, 27 >
