< L0, 6, 31, 47, 14, 49, 31, 19, 11, 3, 4, 27, 44, 22, 28, 21, 23, 32, 38, 15, 35, 14, 24, 31, 24, 27, 20, 16, 48, 46, 36, 43, 1, 18, 41, 15, 18, 23, 35, 28, 25, 40, 7, 18, 11, 36 >
< L1, 35, 17, 27, 49, 1, 41, 23, 31, 16, 1, 2, 31, 48, 48, 16, 42, 50, 35, 32, 16, 3, 6, 2, 32, 30, 41, 40, 50, 3, 26, 39, 38, 42, 18, 36, 45, 10, 10, 27, 25 >
< L2, 29, 5, 10, 28, 22, 1, 27, 6, 35, 45 >
< L3, 40, 46, 44, 22, 39, 33, 21, 41, 8, 11 >
< L4, 2, 30, 18, 48, 39, 27, 24, 13, 39, 2, 17, 48, 31, 38, 50, 8, 46, 34, 4, 7, 26, 1, 50, 47, 39, 33, 19, 32, 42, 31 >
< L5, 45, 11, 28, 42, 49, 7, 18, 12, 47, 19, 30 >
< L6, 50, 18, 45, 9, 15, 31, 14, 21, 6, 14, 23, 2, 3, 7, 22, 36, 50, 2, 46, 45, 12, 26, 38, 13, 34, 5, 24, 30, 26, 3, 25, 27, 22, 21, 37, 38, 1, 50, 11, 6, 15, 33, 9, 17, 39, 30 >
< L7, 38, 34, 2, 34 >
< L8, 29, 24, 7, 12, 28, 32, 43, 5, 37, 19, 33, 10, 39, 19, 48, 40, 20, 8, 45, 35, 42, 6, 3, 30, 35, 7, 19, 20, 8, 3, 15, 36, 28, 23, 49, 5, 7, 41, 12, 45, 9, 44, 4, 47, 13 >
< L9, 38, 34, 12 >
< L10, 18, 3, 40, 21, 34, 26, 27, 3, 46, 34, 7, 12, 21, 34, 36, 19, 40, 42, 11, 3, 36, 19, 47, 42, 17, 11, 44, 5, 44, 6, 39, 12, 10, 30, 32 >
< L11, 5, 10, 48, 50, 43, 4, 11, 15, 39, 47, 33, 30, 40, 45, 33, 28, 15, 31, 21, 31, 41, 14, 37, 36, 21, 27, 49, 33, 6, 32, 26, 13, 41, 23, 12, 35, 28, 25, 49, 18, 23, 33, 47, 12 >
< L12, 29, 41, 43, 9, 11, 26, 1, 27, 12, 39, 47, 41, 39, 29, 48, 21, 6, 10, 11, 30, 24, 48, 7, 48, 48, 24, 20 >
< L13, 21, 33, 9, 1, 24, 2, 12, 34, 27, 12, 10, 40, 2, 9, 32, 41, 37, 30, 11, 45, 41, 23, 24, 14, 20, 31, 11, 20, 6, 32, 50 >
< L14, 15, 10, 29, 38, 13, 40, 23, 41, 3, 33, 33, 7, 41, 14, 47, 29, 45, 9, 23, 36, 31, 47, 1, 3, 29, 14, 22, 36 >
< L15, 23, 14, 9, 34, 42, 48, 47, 33, 21, 39, 37, 5, 21, 43, 45, 37, 39, 25, 31, 47, 50, 16, 30, 48, 19, 34, 26, 32, 7, 11, 26, 29, 26, 37, 14, 19, 36, 10, 1, 6, 1, 40, 12, 21, 32 >
< L16, 7, 23, 33, 40, 21, 32 >
< L17, 50, 29, 25, 35, 6 >
< L18, 41, 18, 32, 21, 44, 20 >
< L19, 12, 5, 46, 15, 13, 46, 4, 24, 19, 37, 32, 27, 9, 14, 16, 30, 47, 23, 31, 25, 47, 16, 30, 3, 6, 47, 36, 29, 40, 5, 13, 4, 11, 8, 20 >
< L20, 6, 25, 49, 24, 11, 32, 50, 22, 47, 18, 1, 43, 40, 31, 17, 36, 48, 48, 38, 6, 44, 25, 34 >
