< L0, 46, 41, 40, 5, 10, 14, 12, 36, 12, 35, 46, 45, 37, 17, 41, 6, 19, 33, 45, 2, 49, 30, 49, 46, 20, 6, 42, 44, 39 >
< L1, 25, 36, 19, 16, 43, 30, 29, 4, 15, 43, 41, 12, 37, 29, 29, 28, 34, 49, 10, 28, 50, 11, 9, 1, 8, 30, 6, 49, 26 >
< L2, 29, 50, 32, 47, 15, 24, 28, 43, 28, 42, 37, 20, 4, 24, 48, 34, 1, 31, 34, 12, 8, 34, 22, 18, 36, 32, 48, 43, 32, 23, 39, 11, 22, 23, 9, 38, 48, 37, 30, 25, 30, 19, 46, 35, 42, 43, 18 >
< L3, 23, 2, 7, 32, 37, 31, 50, 24, 12, 49, 18, 43, 21, 9, 5, 44, 31, 14, 33, 28, 50, 14, 5, 31, 32, 50, 16, 23, 43, 35, 18, 17, 38, 25, 1, 26, 5, 2, 49, 18, 50, 19, 12, 22 >
< L4, 17, 17, 7, 30, 49, 36, 31, 12, 40, 11, 44, 42, 28, 18, 36, 13, 36, 2, 50, 12, 2, 26, 18, 3, 26, 35, 4 >
< L5, 46, 25, 20, 14, 43, 28, 43, 41, 16, 25, 5, 5, 38, 48, 48, 15, 17, 33, 27, 4, 37, 29, 15, 38, 6, 34, 43, 31, 20, 48, 27, 18, 25, 48, 31, 17, 28, 24, 8, 43, 50, 12, 49, 37 >
< L6, 47, 2, 27, 31, 30, 31, 17, 8, 47, 7, 13 >
< L7, 1, 46, 2, 48, 24, 19, 22, 21, 50, 39, 50, 25, 48, 42, 24, 11, 43, 11, 21, 39, 14, 49, 21, 43, 31, 38, 3, 28, 44, 17, 10 >
< L8, 12, 11, 43, 37, 30, 15, 8, 31, 5, 9, 5, 2, 1, 30, 12, 43, 42, 34, 33, 5, 32, 3, 50, 13, 42, 2, 42, 37, 18, 1, 32, 32, 13, 25, 18, 42, 41, 27, 22, 45, 36, 28, 48, 38, 8, 11 >
< L9, 49, 44, 16, 4, 27, 20, 5, 41, 12, 6, 34, 50, 25, 36, 32, 8, 49, 8, 28, 42, 48, 4, 16, 44, 41, 43, 41, 30, 2, 1, 13, 1 >
< L10, 28, 6, 24, 50, 10, 17, 11, 17, 50, 10, 41, 38, 43, 1, 36, 50, 28, 29, 47, 33, 44, 42, 26, 39, 32, 5, 40, 34, 20, 40, 29, 47, 47, 5, 46, 6, 21, 8, 24, 22, 20, 15, 9, 12, 15, 46 >
< L11, 44, 25, 12, 26, 20, 4, 1, 8, 35, 6, 48, 19, 27, 39 >
< L12, 23, 36, 5, 21, 43, 25, 30, 17, 49, 1, 33, 9, 15, 49, 5, 28, 42, 31, 39, 17, 50, 42, 18, 8, 29, 25, 5, 49, 1, 43, 49, 25, 30, 4, 47, 23, 30, 27, 39, 28, 27, 21, 37, 43, 19, 43, 20, 12, 23 >
< L13, 28, 22, 2, 47, 31, 32, 21, 35, 30, 23, 30 >
< L14, 50, 9, 34, 46, 33, 13, 24, 21, 43, 3, 43, 31, 45, 13, 23, 15, 24, 47, 25, 2, 20, 28, 50, 1, 12, 21, 37, 41, 45, 16, 23 >
< L15, 27, 6, 40, 11, 21, 15, 34, 13, 17, 26, 45, 12, 41, 19, 28, 14, 15, 4, 17, 36, 31, 17, 36, 42, 39, 23, 35, 35, 40, 7, 29, 18, 15, 20, 29, 35, 34, 12, 49, 3, 39, 43, 16, 29 >
< L16, 43, 45, 27, 46, 11, 12, 28, 29, 50, 22, 19, 22, 8 >
< L17, 13, 16, 34, 31 >
< L18, 3, 11, 18, 38, 22, 16, 40, 12, 10, 5, 43, 22, 49, 37, 50, 44, 49, 14, 24, 28, 13, 47, 48, 34, 6, 1, 48, 21, 34, 28, 5, 38 >
< L19, 22, 26, 13, 38, 17, 25, 49, 22, 17, 21, 22, 3, 20, 18, 3, 35, 41, 32, 47, 39, 30, 32, 44, 32, 30, 16, 18, 9, 20, 5, 49, 42, 32, 11, 31, 49, 35, 29, 22, 3 >
< L20, 43 >
< L21, 23, 10, 10, 7, 2, 43, 4 >
< L22, 22, 35, 35, 6, 14, 1, 23, 25, 22, 29, 23, 13, 11, 35, 45, 11, 22, 24, 34, 24, 26, 28, 33, 48, 40, 44, 5, 43, 36, 8, 35, 8, 44, 19, 15, 10, 21, 37, 34, 45 >
< L23, 8, 7, 27, 42, 4, 39, 13, 29, 22, 37, 4, 2, 21, 2, 41 >
< L24, 6, 35, 49, 15, 19, 8, 8, 40, 22, 19, 12, 8, 2, 6 >
< L25, 9, 15, 1, 3, 18, 40, 15, 46, 13, 3, 49, 14, 23, 50, 6, 36, 7, 41, 37, 21, 11, 44, 31, 50, 16 >
< L26, 12 >
< L27, 3, 17, 49, 13, 31, 2, 17, 50, 41, 32, 45, 5, 34, 46, 19, 9, 45, 26, 44, 4, 18, 32, 26, 31, 26 >
< L28, 32, 41, 9, 43, 17, 13, 12, 16 >
< L29, 44, 17, 44, 46, 9, 25, 40, 13, 10, 35, 33, 18, 32, 11, 14, 35, 28, 45, 12, 10, 22, 20, 42, 12, 28, 36, 31 >
< L30, 49, 46, 18, 43, 14, 11, 40, 22, 37, 29, 36, 47, 16, 19, 16, 49, 29, 31, 35, 8, 28, 46, 18, 49, 17, 9, 13, 44, 44, 43, 35, 43, 38, 5, 37, 1, 15, 26, 24, 2 >
< L31, 9, 50, 23, 29, 15, 23 >
< L32, 46, 7, 17, 23, 5, 36, 21, 21, 46 >
< L33, 17, 39, 27, 3, 33, 14, 7, 21, 16, 22, 48, 41, 25, 6, 50, 24, 30, 30, 38, 3, 39, 35, 11, 5, 9, 15, 42, 30, 38, 37, 14, 6, 27 >
< L34, 8, 10, 6, 17, 32, 24, 38, 32, 14, 14, 37, 15, 37, 16, 45, 26, 20, 35, 13, 31, 39, 21, 47, 30, 2, 34, 16, 18, 39, 42, 10, 49, 3, 15, 15, 37, 40, 2, 18, 6, 17, 4, 22 >
< L35, 21, 18, 30 >
