< L0, 46, 3 >
< L1, 16, 7, 36, 14, 13, 21, 14, 46, 34, 44, 11, 15, 1, 18, 39, 40, 28, 26, 37, 9, 9, 43, 30, 23, 35, 37, 35, 38, 35, 37, 36, 50, 43, 23, 14, 8, 43, 29, 3, 28, 24, 15, 42, 24, 34, 33, 15, 11, 8 >
< L2, 19, 18, 48, 50 >
< L3, 33, 37, 28, 20, 21, 17, 8, 20, 11, 30, 35, 18, 25, 13, 22, 2, 37, 36, 46, 12, 19, 28, 27, 31, 37, 30, 2, 6, 27, 1, 50, 11, 37, 27, 33, 9, 45, 42, 29, 6, 21, 13 >
< L4, 47, 28, 47, 1, 14, 34, 48, 25, 5, 27, 3, 35, 13, 34, 36, 20, 11, 39, 19, 23, 25, 48, 5, 36, 44 >
< L5, 16, 1, 19, 30, 26, 17, 7, 24, 17, 22, 9, 14, 49, 13, 42, 1, 50, 4, 35, 35, 26, 47, 23, 44, 21, 50, 43, 26, 35, 37, 23, 50, 37, 43, 29, 14, 12, 38, 39, 30, 9, 48, 44, 7, 12, 35 >
< L6, 11, 41, 44, 46, 18, 42, 20, 13, 12, 21 >
< L7, 39, 7, 44, 14, 8, 32 >
< L8, 39, 48, 19, 26, 36, 49 >
< L9, 35, 44, 43, 47, 30, 2, 7, 20, 45, 4, 37, 38, 26, 2, 49, 46, 7, 38, 5, 2, 1, 12, 33, 8, 50, 30, 27, 25, 18, 25, 11, 2, 18, 5 >
< L10, 47, 6, 5, 19, 2, 10, 7, 39, 35, 8, 37, 33, 16, 26, 37, 17, 28, 48, 2, 36, 50, 33, 14, 26, 50, 38, 38, 2, 7, 42, 1, 5, 47, 7, 23, 48, 17, 32, 38, 3, 39, 27, 35, 5, 2, 21, 23, 30 >
