< L0, 42, 23 >
< L1, 13, 19, 23, 16, 3, 40, 33, 43, 34, 42, 41, 36, 9, 5, 24, 48, 8, 41, 5, 24, 46, 27, 28, 19, 46, 10, 11, 48, 3, 33, 41, 15, 3, 14, 31, 5, 3, 15, 50, 36, 7, 40 >
< L2, 15, 47, 47, 14, 4, 38, 19, 30, 35, 47, 9, 3, 44, 18, 15, 41, 21, 47, 32, 37, 50, 45, 19, 6 >
< L3, 34, 7, 35, 40, 47, 8, 6, 45, 4, 19, 50, 43, 39, 29, 30, 37, 40, 32, 31, 9, 49, 23, 31, 47, 4, 18, 46, 50, 38, 4, 49, 23, 10, 35, 14, 8, 42, 19, 2, 45, 40, 4, 40, 28, 32, 19, 17, 23, 2 >
< L4, 32, 50, 19, 12, 47, 25, 31, 44, 26, 19, 49, 26, 43, 9, 10, 7, 18, 1, 25, 22, 48, 16, 25, 39, 46, 8, 7, 12, 31, 10, 8, 12, 10, 28, 25, 8, 2, 6, 1, 30, 26, 2, 5, 18, 12, 15, 24 >
< L5, 17, 1, 2, 16, 16, 26, 6, 11, 36, 14, 24, 16, 24, 31, 29, 35, 11, 3, 42, 12, 10, 44, 41, 35, 45, 48, 3, 6, 14 >
< L6, 37, 32, 28, 38, 50, 46, 14, 5, 8, 49, 19, 32, 16, 42, 14, 44, 26, 24, 48, 19, 38, 8, 12, 30, 44, 7, 27, 48 >
< L7, 42, 26, 50, 24, 5, 38, 23, 50, 3, 27, 10, 3, 47, 43 >
< L8, 38, 6, 15, 15, 32, 12, 33, 19, 21, 47, 50, 15, 5, 29, 12, 18, 20, 39, 20, 43 >
< L9, 7, 17, 45, 11, 46, 4, 15, 42, 46, 34, 32, 4, 48, 46, 35, 11, 31, 5, 32, 27, 6, 48, 31, 34, 11, 50, 4, 50, 19, 48, 45, 27, 17, 39, 37, 12, 45, 1, 3, 42, 36, 36, 45, 33 >
< L10, 31, 44, 14, 35, 27, 42, 43, 24, 22, 26, 36, 23, 31, 37, 42, 29, 31, 20, 45, 22, 7, 8, 16, 9, 12, 7, 45, 48, 4, 29, 31, 34 >
< L11, 44, 21, 48, 37, 13, 23, 10, 38, 11, 32, 21, 47, 25, 1, 28, 45, 47, 1, 3, 4, 18, 11 >
< L12, 24, 7, 12, 29, 36, 44, 13, 9, 39, 33, 9, 25, 47, 33, 34 >
< L13, 43, 16, 6, 40, 40, 6, 19, 36, 2, 19, 38, 5, 36, 49, 22, 11, 7, 35, 40, 44, 29, 4, 5, 19, 36, 13, 44, 34, 45, 27, 19, 40, 44, 25, 29, 36 >
< L14, 47, 21, 34, 17, 9, 40, 4, 9, 13, 14, 15, 50, 5, 11, 28, 8, 15, 46, 45, 29, 41, 28, 23, 18, 49, 14, 13, 23, 42, 48, 6, 40 >
< L15, 41, 8, 27, 33, 11, 35, 45, 27, 1, 44, 31, 11, 23, 39, 25, 21, 33, 3, 11 >
< L16, 28, 30, 11, 41, 43, 35, 35, 40, 40, 26, 8, 31, 34 >
< L17, 13, 44, 20, 9, 20, 21, 3, 1, 31, 27, 41, 8, 47, 25, 12, 10, 39, 39, 39, 49, 32, 33, 33, 18, 23, 25, 43, 32, 7, 26, 18, 21, 22, 37 >
< L18, 41, 7, 33, 43, 40, 10, 35, 49, 8, 10, 10, 17, 50, 1, 8, 49, 32, 40, 33, 49, 14, 9, 41, 48, 15, 19, 15, 37, 40 >
< L19, 16 >
< L20, 10, 50, 27, 1, 11, 11, 49, 21, 22, 8, 39, 22, 8, 46, 22, 41, 38, 4, 41, 3, 13, 34, 50, 29, 2, 16, 16, 43, 19, 33, 24, 28 >
< L21, 50, 30, 45, 13, 28, 15, 34, 37, 3, 7, 47, 1, 28, 37, 38, 32, 28, 42, 46, 13, 44, 24, 14, 9, 41, 6, 27, 23, 31, 6, 5, 31 >
< L22, 49, 45, 14, 13, 28, 3, 17, 37, 49, 17, 14, 37, 4, 47, 16, 48, 42, 28, 41, 18, 43, 49, 8, 48, 26, 31, 31, 33, 37, 13, 18, 37, 7, 33, 1 >
< L23, 35, 17, 22, 35, 34, 36, 22, 39, 32, 39, 36, 26, 17, 28, 43, 9, 27, 2, 9, 4, 34, 39, 36, 20, 3, 5, 8, 9, 38, 8, 44, 24, 25, 18, 9, 10 >
< L24, 32, 48, 36 >
< L25, 36, 11, 36, 13, 5, 47, 41, 9, 5, 44, 42, 45, 32, 14, 47, 38, 21, 7, 25, 31 >
< L26, 1, 7 >
< L27, 9, 16, 23, 42, 15, 9, 11, 50, 21, 49, 15, 26, 45, 5, 36, 1, 1, 27, 47 >
< L28, 42, 45, 21, 15, 1, 46, 45, 4, 48, 1, 23, 8, 16, 45, 49, 30, 5, 9, 32, 26, 9, 46, 3, 3, 2, 38, 3, 2, 16, 1, 35, 10 >
< L29, 6, 24, 47, 3, 20, 1, 50, 22, 25, 7, 39, 21, 7, 20, 26, 15, 1, 3, 24, 48, 7, 28, 50, 44, 33, 1, 11, 33, 38, 22, 28, 43, 45, 26, 47, 16, 26, 46, 37, 50, 4, 25, 21, 10, 47 >
< L30, 26, 47, 50, 1, 47, 6, 29, 46, 1, 11, 48, 13, 45, 35, 35, 24, 27, 31, 50, 23, 49, 27, 20, 35, 27, 23, 12, 49, 34, 8, 48, 10, 6, 49, 10, 2, 6, 40, 49, 6, 2, 47, 20, 47, 31, 6, 22, 10 >
< L31, 23, 34, 37, 50, 6, 21, 28, 30, 34, 26, 14, 43, 25, 25, 49, 23, 34, 2, 28, 24, 1, 35, 27, 47, 4, 23, 29, 12, 47, 38, 50, 19, 24, 36, 18, 29, 8 >
< L32, 8, 42, 22, 23, 36, 46, 47, 36, 18, 31, 38, 47, 6, 40, 31, 32, 38, 37, 7, 16, 48, 3, 6, 47, 23, 31, 34, 41, 9, 41, 37, 18, 32, 9, 41, 18, 6, 37, 3, 24, 19, 42, 20, 26, 33 >
< L33, 10, 20, 41 >
< L34, 38, 38, 20, 45, 36, 44, 25, 21, 34, 35, 11, 23, 2, 45, 31, 44 >
< L35, 36, 33, 16, 11, 1, 10, 33, 29, 42, 35, 38, 14, 25, 5 >
< L36, 14 >
< L37, 45, 1, 19, 21, 21, 5, 5, 33, 27, 8, 27, 9, 2, 40, 46, 36, 8, 7, 38, 17, 41, 16, 10, 25, 5, 23 >
< L38, 9 >
< L39, 16, 36, 19, 18, 5, 39, 40, 9, 45, 22, 37, 3, 49, 45, 6, 38, 42, 41, 47, 48, 28, 15, 38, 46, 25 >
< L40, 50, 49, 16, 11, 24, 33, 46, 42, 2, 50, 33, 41, 10, 27 >
