< L0, 31, 13, 44, 36, 2, 36, 28, 49, 33, 8, 13, 23, 3, 39, 38, 4, 38, 6, 14, 11, 38, 10, 4, 40, 11, 38, 32, 23, 15, 46, 20, 47, 10, 14, 33, 12, 1, 12, 12, 35, 19, 26, 7, 23, 15, 47, 27, 4 >
< L1, 40, 16 >
< L2, 1, 19, 32, 14, 7, 14, 36, 23, 11, 7, 19, 21, 22, 3, 34, 22, 15, 45, 7, 33, 22, 15, 6, 38, 11, 34, 41, 14, 25, 8, 5, 26, 27, 38, 41, 35, 1, 28, 9, 14, 36 >
< L3, 34, 8, 32, 17, 31, 46, 13, 39, 30, 36, 6, 37, 24, 18, 20, 16, 32, 45, 24, 38, 22, 2, 25, 12, 36, 28, 39 >
< L4, 41, 24, 22, 26, 33, 3, 44, 16, 48, 8, 4, 30, 43, 9, 16, 16, 29, 36, 32, 10, 32, 5, 49, 3, 6, 23, 16, 43, 2, 6, 36, 44, 31, 9, 19, 16, 12, 14, 31, 11, 21, 36, 40, 14 >
< L5, 6, 29, 25, 43, 12, 34, 26, 18, 32, 30, 23, 6, 45, 17, 10, 2, 4, 3, 32, 13, 24, 47, 24, 37, 29, 34, 10, 15, 26, 23, 11, 31, 3, 35, 25, 15, 20, 50, 32, 3, 31, 7, 10, 25, 23, 19, 28 >
< L6, 22, 9, 39, 47, 8, 14, 35, 38, 49, 44, 2, 24, 18, 14, 6, 21, 50, 30, 37, 19, 31, 20, 23, 11, 26, 33, 37 >
< L7, 3 >
< L8, 29, 26, 25, 19, 22, 34, 32, 7, 21, 32, 2, 25, 6, 20 >
< L9, 11, 42, 38, 41, 28, 8, 23, 47, 33, 34, 25, 15, 22, 25, 17, 36, 5, 45, 12, 23, 16, 45, 6, 24, 17, 37, 26, 41, 42, 47, 29, 3, 38, 18, 45, 15, 27, 17 >
< L10, 9, 2, 37, 25, 24, 13, 44, 11, 17, 38, 24, 41, 3 >
< L11, 46, 29, 36, 33, 6, 29, 26, 2, 9, 30, 39, 26, 24, 5, 4, 43, 19, 13, 46, 8 >
< L12, 21, 22, 30, 31, 41, 19, 6, 31, 24, 25, 29, 2, 13, 13, 7, 41, 38, 8, 49, 18, 48, 26, 43, 4, 29, 37, 24, 41, 33, 31, 30, 3, 3, 11, 36, 43, 30 >
