< L0, 3, 16, 3, 4, 28, 15, 12, 20, 5, 21, 18, 24, 18, 43, 16, 23, 21, 3, 46, 14, 37, 27, 45, 39, 31 >
< L1, 26, 25, 36, 17, 49 >
< L2, 34, 4, 45, 13, 20, 6, 32, 24, 26, 49, 47, 45, 43, 15, 17, 15, 19, 13, 30, 5, 41, 24, 43, 23, 29, 19, 47, 16, 37, 47, 6, 20, 2, 50, 34, 22, 6, 15, 47, 33 >
< L3, 46, 28, 9, 10, 44, 23, 28, 8, 3, 34, 50, 28, 26, 22, 8 >
< L4, 20, 24, 34, 19, 29, 5, 20, 30, 38, 43, 37, 4, 42, 20, 20, 37, 47, 28, 48, 42, 3, 27, 2, 5, 10, 3, 34, 37, 27, 42, 35, 46, 15, 18, 16, 45, 23, 38, 24, 10, 30, 11, 16, 21, 32, 35 >
< L5, 28, 13, 6, 21, 15, 32, 22, 21, 41 >
< L6, 4, 28, 3, 47, 12, 48, 11, 31, 16, 7, 3, 3, 33, 15, 32, 45, 30, 5, 26, 14, 13, 5, 28, 19, 25, 44, 2 >
< L7, 16, 43, 25, 22, 22, 27, 18, 35, 26, 31, 15, 41, 37, 18, 43, 19, 34, 27, 13, 13, 31, 40, 28, 45, 44, 8, 15, 19, 3, 17, 19, 19, 11, 43, 40, 34, 21, 9, 18, 46, 39, 32, 39, 28, 1, 31, 46, 34, 9 >
< L8, 48, 41, 50, 28, 36, 44, 35, 2, 14, 37, 18 >
< L9, 7, 30, 26, 48, 13, 46, 7, 32, 43, 47, 16, 31, 24, 16, 14, 22, 2, 22, 34, 49, 13, 33, 26, 50, 28, 12, 1, 43, 1, 21, 24, 9 >
< L10, 1, 7 >
< L11, 48, 15, 48, 41, 13, 13, 23, 37, 31, 36, 8, 32, 10, 43, 30, 24, 25 >
< L12, 25, 5, 21, 25, 47, 23, 47, 23 >
< L13, 1, 23, 40, 17, 21, 6, 14, 13, 18, 29, 35, 4, 9, 23, 13, 40, 34, 5, 21, 7, 32, 30, 33, 38, 1, 9, 34, 25, 6, 8, 8, 6 >
< L14, 47, 24, 5, 2, 37, 17, 22, 17, 3, 27, 25, 25, 40, 14, 10, 46, 35, 18, 29, 16, 50, 16, 18, 9, 2, 43, 16, 11, 50, 23, 43, 49, 46 >
< L15, 2, 34, 15, 23, 1, 18, 50, 25, 44, 41, 41, 4, 38, 27, 21, 17, 42, 23, 34, 10, 31, 37, 2, 46, 48, 3, 20, 42, 1, 15, 39, 3, 50, 5, 27, 50, 22, 26, 27, 18, 18, 17, 23, 6, 43, 43, 24 >
< L16, 15, 7, 43, 47, 46, 46, 44, 43, 49, 13, 34, 1, 29, 24, 3, 29, 31, 30, 28, 2, 7, 6, 21, 25, 22, 43, 32, 14, 38, 5, 50, 2, 13, 44 >
< L17, 8 >
< L18, 44, 2, 40, 7, 38, 40, 37, 13, 45, 15, 43, 26, 45, 47, 32, 50, 17, 8, 24, 10, 41, 37, 47, 47, 38, 50, 12, 32, 50, 21, 23, 46, 23, 12, 4, 12, 3, 40, 24, 47 >
< L19, 17, 22, 1, 15, 6 >
< L20, 31, 15 >
< L21, 42, 6, 14, 40, 2, 1, 40, 15, 34, 41, 36, 6, 36, 10, 19, 41, 21, 22, 31, 46, 20, 37, 12, 42, 39 >
< L22, 49, 40, 9, 13, 15, 2, 20, 28, 42, 24, 30, 31, 38, 14, 23, 23, 19, 11, 32, 40, 1, 4, 11, 33, 50, 30, 21, 13 >
< L23, 9, 41, 21, 49, 49, 36, 13, 50, 5, 42, 43, 28, 21, 23, 16, 34, 48, 40, 5, 10, 24, 44, 10 >
< L24, 6, 45, 26, 37, 15, 39, 10, 24, 29, 32, 24, 29, 17, 36, 30, 22, 27, 23, 1, 49, 47, 18, 35, 46, 8, 39, 5 >
< L25, 34, 17, 9, 41, 11, 37, 27, 27, 25, 38, 50, 5, 20, 23, 35, 38, 10, 14, 9, 38, 38, 12, 37, 35, 29, 23, 32, 38, 11, 37, 20, 46, 3 >
< L26, 38, 15, 17, 14, 41, 43, 2, 43, 47, 23, 17, 31, 10, 29, 46, 21, 16, 34, 32, 4, 20, 12, 26, 3, 2, 38, 39, 21, 35, 41, 3 >
< L27, 7, 19, 38, 48, 13, 39, 40, 9, 13, 8, 41, 22, 36, 39, 44, 2, 24, 25, 7, 45, 39, 35 >
< L28, 40, 24, 36, 12, 9, 28, 15, 32, 35, 35, 19, 34, 50, 9, 25, 10, 21, 32, 1, 45, 18, 41, 38, 21, 14, 15, 29, 10, 3, 13, 6, 44, 37, 43, 7, 45, 23, 21, 26, 7, 8, 45, 42, 9, 5, 16, 18 >
< L29, 49, 18, 20, 16, 10, 9, 38, 23, 23, 17, 34, 27, 31, 40, 22, 17, 34, 29, 13, 6, 1, 41, 14, 10, 37, 5 >
< L30, 41, 22, 36, 16, 21, 5, 37, 38, 15, 46, 26, 39, 20, 44, 23, 49, 24, 14 >
< L31, 41, 47, 50, 5, 3, 1, 45, 16, 12, 31, 21, 30, 22, 44, 15, 39, 14, 19, 26, 2, 35, 23 >
< L32, 24, 44, 22, 48, 44, 47, 11, 16, 39, 9, 15, 44, 11, 17, 38, 27, 29, 21, 49, 8, 42, 42, 24, 32, 8, 44, 9, 9, 31 >
< L33, 39, 6, 27, 12, 3, 20, 8, 15, 35, 47, 23, 2, 40, 36, 18, 29, 14, 48, 49, 14, 7, 42, 5, 30, 24, 14, 26, 34, 24, 6, 17, 12, 11 >
< L34, 23, 13, 14, 31, 29, 1, 27, 1, 4, 18, 38, 21, 46, 1, 21, 45, 14, 27, 38, 21, 7, 13, 34, 34, 47, 8, 39, 13, 19, 49, 9, 42, 13, 22, 24, 41, 24, 2, 43, 27, 19, 31, 50, 16, 33 >
< L35, 12, 47, 48, 50, 17, 6, 12, 50, 39, 8, 9, 27, 22, 30, 25, 30, 23, 39, 4, 46 >
< L36, 29, 47, 24, 8, 17, 6, 9, 34, 38, 30, 46, 36, 27, 45, 2, 33, 8, 4, 21, 18, 14, 48, 41, 43, 24, 23, 15, 13, 26, 12, 43 >
< L37, 10, 18, 13, 28, 25, 21 >
< L38, 15, 2, 7, 50, 29, 3, 4, 13, 12, 9, 33, 29 >
< L39, 32, 20, 17, 8, 44, 31, 22, 19, 45, 14, 26, 4, 34, 41, 32, 10, 11, 43, 24, 15, 1, 26 >
< L40, 3, 29, 5, 14, 39, 39, 45, 12, 21, 16, 28, 30, 9, 11, 1, 29, 5, 16, 4, 8, 49, 44, 39, 11, 7, 33, 34, 21, 33, 9, 15, 37, 39, 21, 1, 29, 9, 45, 41, 31, 10, 18, 10 >
