< L0, 10, 48, 32, 26, 1, 42, 26, 45, 32, 36, 1, 15, 22, 23, 49, 32, 37, 36, 21, 7, 38, 49, 17, 32, 41, 50, 43, 9 >
< L1, 14, 36, 21, 11, 20, 48, 11, 11, 23 >
< L2, 42, 11, 9, 8, 32, 31, 7 >
< L3, 19, 42, 35, 27, 29, 36, 44, 12, 26, 43, 6, 34, 3 >
< L4, 22, 23, 31, 41, 20, 41, 3, 45, 48, 46, 5, 8, 4, 36, 39, 12, 48, 7, 5 >
< L5, 36, 35, 20, 29, 48, 45, 23, 3, 31, 25, 23, 4, 48, 3, 46, 19, 45, 48, 13, 44, 45, 17, 2, 48, 4, 42, 9, 2, 50, 15, 36, 35, 49, 7, 13 >
< L6, 3, 37, 50, 35, 12, 24, 38, 11, 26, 33, 29, 23, 32, 44, 16, 27, 12, 19, 26, 16, 10, 37, 17, 10, 1, 4, 44, 50, 12, 9, 47, 14, 45, 47, 49, 8, 20, 38, 18, 48, 23, 49, 20, 4, 42, 37 >
< L7, 3, 6, 6, 18, 15, 42, 36, 26, 44, 41, 20, 43, 4, 30, 42, 18, 24, 38, 18, 32, 9, 7, 1, 6, 29, 49, 27, 33, 42, 16 >
< L8, 47, 21, 21, 16, 37, 14, 2, 15, 8, 44, 36, 2, 48, 15 >
< L9, 17, 40, 32, 36, 23, 41, 42, 24, 48, 21, 24, 27, 5, 16, 42, 20, 12, 14, 41, 27, 2, 4, 30, 16, 13, 26, 1, 15, 23, 15, 9, 41, 7, 41, 26, 29, 31, 19, 4, 30, 41, 28, 6 >
< L10, 45, 47, 15, 8, 12, 7, 34, 14, 12, 16, 29, 25, 43, 32, 41, 15, 48, 49, 7, 4, 41, 32, 33, 23, 50, 36, 3, 41, 15, 8, 37, 9, 7, 3, 16, 18, 11, 2, 31, 23, 19, 12, 47, 11, 43 >
< L11, 25, 42, 37, 33, 46, 28, 14, 30, 50, 15, 17, 4, 7, 32, 12, 46, 40, 20, 48, 6, 37, 9, 9, 20, 31, 27, 33, 29, 37, 27, 17, 13, 18, 5, 45, 15, 34, 10, 44 >
< L12, 24, 11, 39, 31, 42, 2, 28, 33, 23, 25, 40, 12, 35, 48, 31, 17, 24, 15, 47, 12, 43, 15, 24, 10, 20, 20, 25, 5, 29, 18, 40, 3, 30, 31, 35, 21 >
< L13, 12, 4, 5, 38, 43, 16, 25, 43, 48, 41, 16, 14, 40, 28, 6, 4, 3, 17, 23, 23, 43, 28, 1, 13, 19, 5, 42, 49, 39, 13, 33, 2 >
< L14, 39, 42, 12, 6, 16, 4, 3, 8, 20, 18, 47, 49, 25, 1, 3, 41, 25, 25 >
< L15, 2, 28, 46, 23, 32, 37, 21, 23, 1, 3, 26, 20, 41, 17, 32, 46, 32, 35, 50, 42, 6, 19, 38, 6, 43, 38, 11, 34, 13, 35, 17, 16, 14, 14 >
< L16, 46, 2, 11, 20, 5, 13, 45, 24, 6, 12, 7, 1, 45, 42, 3, 36, 49, 21, 24, 7, 14, 13, 17, 49, 27, 3, 17, 43, 19, 30, 32, 16, 31, 42, 35, 35, 7, 29 >
< L17, 12, 42, 17, 14, 37, 10, 16, 24, 11, 39, 49 >
< L18, 4, 14, 35, 2, 40, 39, 18, 34, 7, 47, 18, 22, 29, 9, 6, 16, 15 >
< L19, 26, 28, 30, 42, 42, 18, 2, 9, 42, 12, 49, 40, 30, 2, 5, 16, 3, 45, 4, 20, 28, 13, 18, 45, 34, 49, 6, 42, 14, 22, 30, 41, 50, 9, 32, 43, 27 >
