< L0, 18, 48, 2 >
< L1, 27, 3, 14, 42, 8, 10, 48, 29, 37 >
< L2, 47, 34, 43, 47, 41, 36, 10, 12, 15, 50 >
< L3, 24, 33, 7, 50, 18, 10, 19, 15, 13, 29, 44, 17, 42 >
< L4, 24, 1, 34, 3, 40, 43, 1, 25, 36, 47, 17, 23, 8, 30, 38, 7, 43, 11, 41, 1, 12, 10, 12, 30, 27, 24, 10, 20, 41, 2, 6, 14, 4, 40, 18 >
< L5, 32, 18, 21, 19, 14, 37, 42, 21, 17, 31, 29, 11, 43, 22, 13, 4, 31, 25, 35, 9, 50, 44, 28, 40, 47, 36, 6, 3, 27, 25, 47, 10, 43, 20, 31, 8, 8, 24, 31, 24, 4, 9, 36, 46, 32 >
< L6, 49, 13, 23, 35, 21, 24, 28, 1, 16, 27, 38, 21, 29, 16, 47, 27, 25, 39, 46, 5, 49, 4, 28, 29, 29, 31, 39, 17, 28, 21, 15, 26, 35, 39, 12, 7, 12, 40, 9, 27, 16, 46, 49, 46, 11, 46, 22, 38, 36 >
< L7, 42, 36, 23, 22, 14, 3, 4, 5, 19, 32, 27, 35, 9, 11, 25, 21, 19, 37 >
< L8, 28, 15, 29, 25, 16, 26, 36, 13, 47, 23, 50, 16 >
< L9, 36, 40, 39, 1, 43, 45, 5, 13, 26, 31, 48, 36, 43, 24, 8, 14 >
< L10, 21, 41, 27, 1, 15, 42, 26, 2, 4, 23 >
< L11, 3, 40, 44, 40, 30, 32, 41, 22, 26, 47, 36, 3, 30, 35, 41, 22, 9, 48, 35, 18, 21, 27, 46, 23, 42, 37 >
< L12, 45, 42, 23, 21, 47, 12, 14, 36, 41, 47, 26, 14, 23, 23, 50, 27, 2, 34, 17, 25, 42, 17, 12, 12, 37, 38, 7, 11, 31, 46, 9, 26, 37, 33, 48, 33, 45, 11, 19, 37, 7, 46, 1, 31, 18, 2, 8, 21, 35 >
< L13, 48, 29, 42, 9, 40, 30, 48, 48, 41, 31, 43, 1, 8, 30, 34, 5, 14, 28, 17, 34, 16, 25, 30, 16, 6, 49 >
< L14, 15, 22, 4, 42, 19, 32, 34, 29, 21, 15, 26, 18, 7, 8, 13, 8, 15 >
< L15, 43, 19, 7, 22, 37, 43, 37, 12, 24, 3, 19, 22, 21, 33, 45, 24, 24, 15, 7, 9, 43, 27, 26, 21, 47, 32, 28, 11, 41, 43, 4, 33, 13, 12, 6, 50, 4, 43, 11, 27, 47, 29, 1, 19 >
< L16, 45, 43, 38, 12, 1, 49, 4, 28, 24, 26, 26, 7, 4 >
< L17, 50, 48, 41, 34, 12, 2, 40, 11, 8, 34, 23, 34, 30, 3, 36, 48, 17, 33, 42, 5, 44, 43, 5, 49, 22, 30, 25, 49, 36, 30, 36, 37, 29, 28, 21, 40, 29, 10 >
< L18, 36 >
< L19, 25, 22, 24, 28, 9, 23, 46, 41, 15, 50, 36, 9, 6, 35, 32, 35, 9, 32, 23, 40, 17, 9, 18, 44, 29, 7, 24, 40, 9, 12, 34, 34, 35, 9, 13, 43, 32, 8, 36, 48, 10, 21, 8 >
< L20, 5, 39, 2, 15, 22, 24, 4, 38, 32, 21, 33, 13, 28, 8, 4 >
< L21, 21, 40, 21, 5, 48, 35, 50, 31, 43, 35, 30, 4, 5, 37, 18, 12, 27, 21, 26, 48, 44, 30, 37, 28, 50, 19, 40, 29, 29, 45, 17, 49, 34, 37, 6, 34 >
< L22, 5, 14, 16, 41, 44, 21, 45, 30, 40, 6, 9, 11, 32, 6, 4, 13, 43, 31, 12, 13, 22, 43 >
< L23, 17, 9, 42, 50, 45, 49, 33, 18, 3, 49, 35, 43, 42, 5, 39, 23, 45, 47, 31, 5, 30, 37, 10, 42, 31, 41, 5, 45, 14, 47, 38, 30, 5, 31, 32, 2, 29, 16, 21, 33, 14, 6, 25 >
< L24, 12, 15, 28, 8, 11 >
< L25, 12, 40, 48, 24, 31, 28, 14, 36, 23, 29 >
< L26, 12, 9, 39, 42, 42, 40, 20, 7, 10, 2, 21, 17, 28, 27, 29, 42, 6, 36, 5, 16, 50, 44, 13, 23, 25, 43, 38, 12, 17, 16, 45, 28 >
< L27, 33, 21, 17, 22, 42, 24, 32, 45, 46, 48, 22, 22, 28, 15, 30, 14, 19, 45, 15, 13, 9, 37, 39, 3, 26, 2 >
< L28, 41, 46, 46, 19, 29, 18, 35, 2, 9, 10, 33, 3, 7, 33, 24, 29, 12, 41, 10 >
< L29, 9, 4, 41, 23, 14, 29, 13, 17, 4, 14, 37, 47, 10, 35, 15, 40, 2, 1, 41, 11, 13, 26, 13, 19, 10, 39, 49 >
< L30, 29, 8, 48, 39, 13, 40, 14, 27, 19, 26, 45, 24, 40, 31, 20, 1, 15, 36, 40, 17, 37 >
< L31, 27, 1, 7, 41, 19, 16, 29, 18, 37, 7, 25, 36, 48, 38, 25, 11, 16, 45, 36, 10, 19, 27, 42, 38, 29, 7, 26, 20, 25, 14, 2, 3 >
< L32, 8, 43, 32, 26, 22, 49, 14, 30, 24, 49, 27, 13, 25, 39 >
< L33, 20, 27, 37, 40, 5, 28, 29, 34, 36, 4, 3, 10, 17, 6, 14, 30, 14, 7, 14, 41, 30, 12, 4, 9, 37, 2, 38, 49 >
< L34, 26, 28, 49, 2, 14, 38, 7, 44, 19, 42, 31, 22, 46, 41, 41, 2, 6, 20, 17, 12, 35, 7, 41, 47, 10, 2, 35, 13 >
