< L0, 40, 14, 13, 39, 18, 29, 28, 24, 22, 46, 15, 4, 20, 10, 44, 10, 13, 2, 31, 29, 13, 16, 35, 6, 14, 46, 7, 48, 8, 45, 35, 48, 10, 48, 38, 27 >
< L1, 15, 2, 49, 13, 18, 2, 32, 30, 48, 43, 42, 1, 23, 23, 13, 38, 7, 18, 3, 5, 26, 3, 12, 22, 37, 9, 32, 36 >
< L2, 10, 13, 15, 14, 13, 27, 31, 17, 10, 10, 14, 2, 4, 14, 26, 26, 28, 16, 34, 48, 18, 38, 23, 20, 50, 45, 7, 10, 28, 44, 10, 39, 7, 24, 2, 19, 2, 33, 35, 13, 44, 50, 14, 49, 15, 41, 24, 43 >
< L3, 10, 42, 24, 47, 16, 45 >
< L4, 10, 3, 10, 39, 47, 19, 28, 3, 42, 31, 21, 45, 15, 6, 7, 11, 7, 22, 9, 22, 12, 33, 14, 18, 44, 7, 43, 40, 22, 37, 40, 34, 42, 49, 22, 38, 19, 1, 40, 12, 34, 10, 6, 48, 17, 12, 8, 24 >
< L5, 17, 47, 46, 1, 10, 15, 44, 18, 9, 35, 39, 48, 26, 22, 39, 24, 46, 26, 44, 46, 15, 5, 31, 26, 10, 29, 45, 23, 36, 20, 7, 4, 16, 5, 6 >
< L6, 21, 1, 44, 30, 36, 32, 27, 11, 6, 17, 37, 1, 42, 32, 48, 8, 37, 29, 35, 48, 7, 29, 21, 44, 50, 29, 50 >
< L7, 35, 5, 43, 6, 6, 36, 37, 43, 20, 15, 5, 25, 31, 43, 27 >
< L8, 25, 24, 31, 13, 4, 15, 10, 12, 44, 32, 8, 45, 11, 7, 10, 45, 13, 4, 2, 20, 40, 38 >
< L9, 11, 4, 19, 37, 34, 13, 15, 7, 39, 38, 37, 1, 44, 2 >
< L10, 5, 47, 42, 14, 41, 4, 22, 2, 1, 35, 6 >
< L11, 6, 47 >
< L12, 20, 7, 45, 40, 45, 29, 2, 9, 35, 41, 48, 24, 41, 41, 25, 3, 48, 21, 45, 11, 13, 48, 33, 17, 48, 19, 22, 2, 24, 18, 43, 45, 26, 39, 34, 22, 17, 36, 32, 4, 28, 29 >
< L13, 18, 22, 3, 21, 21, 25, 17, 33, 37, 14, 17, 3, 14, 35, 26, 15, 11, 45, 9, 5, 22, 47, 41, 43, 16, 26, 24 >
< L14, 3, 5, 47, 22, 26, 49, 42, 46, 25, 10, 30, 11, 24, 47, 16, 39, 33, 41, 5, 43, 36 >
< L15, 50, 9, 9, 40, 2, 26, 17, 27, 46, 19, 31, 44, 42 >
< L16, 44, 36, 5, 18, 45, 35, 29, 20 >
< L17, 46, 8, 15, 38, 12, 8, 25, 24, 9, 34, 35, 48, 35, 12, 14, 13, 8, 34, 46, 1, 27, 3, 45, 12, 10, 12, 7, 46, 42, 26, 28 >
< L18, 36, 42, 27, 47, 49, 1, 23, 9, 34, 9, 6, 20, 20, 21, 35, 29, 6, 30, 32, 33, 34, 26, 46, 43, 39, 2, 40, 33, 30, 17, 21, 17, 9, 49, 15, 9, 50, 37, 18 >
< L19, 47, 25, 7, 19, 48, 41, 49, 3, 22, 30, 37, 7, 7, 33, 50, 46, 36, 39, 30, 15, 8, 2, 33, 16, 1, 48, 24, 2, 36, 43, 38, 33, 18, 46, 3 >
< L20, 36, 1, 19, 9, 33, 6, 16, 39, 40, 17, 36, 25, 7, 15, 42 >
< L21, 17, 24, 31, 19, 21, 5, 20, 7, 47, 9, 41, 16, 5, 43 >
< L22, 42, 45, 49, 1, 27, 6, 18, 18, 45, 34, 3, 19, 42, 20, 12, 6, 36, 36, 36, 6, 8, 42, 27, 14, 41, 35, 6, 6, 39, 50 >
< L23, 31, 45, 36, 33, 23, 41, 2, 42, 35, 37, 45, 5, 28, 14, 19, 35, 1, 6, 23, 6, 13, 14, 32, 29, 6, 18, 34, 12, 7, 36, 49, 39, 32, 36, 23, 4 >
< L24, 26, 48, 12, 12, 42, 18, 39, 7, 36, 26, 9, 41, 48, 14, 6, 13, 47, 36, 19, 16, 21, 32, 24, 6, 32, 14 >
< L25, 17, 36, 43, 42, 11, 40, 5, 24, 31, 22, 15, 39, 10, 40, 47, 2, 37, 12, 9, 1, 10, 44, 21, 25, 15, 2, 49, 20, 35, 12, 7, 1, 50, 1, 44, 12, 40 >
< L26, 36, 22, 22, 50, 10, 33, 41, 6, 36, 27, 19, 45, 29, 28, 38, 50, 4, 4, 3, 4, 26, 38, 16, 34, 40, 17, 34, 34, 28, 23, 33, 15, 44, 6, 16, 3, 38, 6, 10, 24, 34, 30, 20, 13, 9, 9, 14, 12 >
< L27, 16, 16, 38, 5, 33, 21, 45, 49, 4, 28, 26, 26, 12 >
< L28, 21, 18, 8, 25, 5, 14, 34, 30, 47, 13, 49, 9, 21, 8, 22, 34, 22, 40, 49, 9, 44, 33, 31, 38, 31, 36, 17, 9, 13, 29, 1, 33, 48, 8, 7, 2, 23, 42, 34, 20, 6, 34, 30 >
< L29, 43, 2, 11, 14, 43, 12, 24, 36, 44, 4, 26, 27, 41, 44, 35, 3, 24, 37, 35, 21, 46, 43, 25, 19, 34, 8, 38, 41 >
< L30, 17, 18, 36, 20, 29, 49, 12, 42, 23, 50, 37, 28, 25, 13, 19, 20, 47, 23, 44, 35, 10, 14, 31, 2, 38, 49, 38, 47, 38, 28, 40, 4, 46, 25, 26, 26, 25, 39, 19, 47, 38 >
< L31, 27, 14, 18, 45, 34 >
< L32, 17, 27, 1, 26, 42, 31, 30, 32, 31, 19, 28, 18, 46, 19, 21, 43 >
< L33, 48, 20, 20, 37, 38, 18, 24, 43, 44, 40, 12, 40, 23, 27, 9, 1, 29, 34, 42, 9, 15, 23, 41, 33, 3, 8, 31, 23, 29, 23, 18, 28, 45, 37, 14, 32, 4, 40, 26, 50, 29, 37, 39, 3, 16 >
< L34, 3, 44, 33, 46, 5, 47, 19, 45, 32, 23, 3, 12, 45, 33, 36, 14, 10, 32, 50, 26, 14, 6, 17, 39, 5, 47, 28, 43, 49, 43, 42, 3, 38, 24, 48, 42, 22, 16, 39, 3, 40, 43, 16, 35, 25, 4, 50 >
< L35, 35, 50, 13, 50, 7, 29, 41, 13, 25, 18, 7, 25, 12, 48, 27, 49, 21, 25, 43, 45, 42, 33, 47, 32, 25, 15, 18, 49, 18, 17, 36, 4, 18, 49, 4, 26 >
< L36, 46, 38, 4, 13, 45, 28, 26, 44, 5, 26, 17, 31, 18, 11, 22, 50, 9, 5, 24, 23, 22, 24, 42, 41, 10, 46, 10 >
< L37, 1, 36, 38, 46, 25, 41, 10, 21, 21, 35 >
< L38, 27, 10, 31, 7, 30, 43, 28, 31, 1, 33, 5, 24, 6, 30, 17 >
