< L0, 14, 6, 50, 14, 43, 40, 11, 17, 32, 22, 38, 2, 6, 2, 28, 18, 34, 34, 47, 26, 12, 29, 28, 46, 33, 3, 1, 15, 20, 49, 5, 33, 6, 7, 49, 48, 46, 11, 14, 29, 33 >
< L1, 31 >
< L2, 4, 10, 7, 39, 44, 5, 16, 7, 34, 44, 4, 18, 48, 6, 32, 17, 4, 39, 2, 9, 47, 50, 8, 42, 10, 22, 22, 42, 24, 2, 32, 30, 14, 40, 18, 9, 45, 34 >
< L3, 28, 29, 20, 47, 26, 25, 29, 45, 31, 19, 46, 39, 15, 47, 49, 8, 8 >
< L4, 29, 2, 45, 33, 35, 26, 46, 24, 44, 4, 20, 29, 22, 49, 9, 41, 46, 34, 17, 26 >
< L5, 47, 44, 27, 38, 8, 23, 36, 17, 33, 5, 45, 34, 1, 27, 20, 27, 24, 43, 22, 29, 13, 2, 50, 11, 10, 42, 8, 45, 9, 33 >
< L6, 5, 26, 1, 42, 35, 26, 29, 1, 8, 35, 48, 43, 36, 26, 14, 14, 50, 8, 35, 30, 20, 36, 32, 33, 47 >
< L7, 42, 41, 33, 25, 17, 40, 2, 18, 33, 39, 45, 12, 39, 4, 46, 38, 46, 31, 14, 9, 44, 15, 16 >
< L8, 44, 38, 17, 27, 22, 13, 50, 15, 6, 32, 39, 22, 21, 43, 41, 4, 31, 35, 17, 21, 38, 12, 9, 35, 43, 22, 45, 38, 36, 13 >
< L9, 31, 2, 36, 8, 25, 1, 9, 39, 6, 42, 28, 27, 15, 20, 18, 20, 2, 4, 36, 22 >
< L10, 47, 30, 28, 41, 3, 23, 31, 40, 35, 50, 23, 36, 37, 30, 10, 37, 40, 48, 44, 31, 27, 21, 45, 48, 40, 16, 49, 45, 1, 21, 38, 50, 2, 16, 40, 5, 38, 20, 46, 24, 19, 18 >
< L11, 8, 47, 20, 44, 38, 19, 38, 19, 48 >
< L12, 15, 45, 1, 33, 46, 45, 33, 18, 33, 34 >
< L13, 50, 24, 25, 37, 45, 21, 10, 16, 38, 20, 23, 37, 41, 16, 24, 11, 5, 44, 8 >
< L14, 11, 5, 16, 43, 2, 13, 27, 19, 47, 11, 37, 46, 34, 14, 34, 28 >
< L15, 43, 43, 23, 14, 15, 11, 6, 33, 37, 16, 37, 30, 26, 3, 42, 32, 20, 34, 33, 32, 11, 1, 28, 21, 39, 25, 6, 2, 8, 35, 39, 2, 30, 12, 17, 46 >
< L16, 22, 28, 10, 40, 17, 42, 15, 21, 35, 46, 42, 19, 30, 24, 31, 30, 3, 3, 20, 30, 10, 24, 37, 44 >
< L17, 39, 23, 25, 5, 21, 49, 29, 48, 10, 18, 16, 3 >
< L18, 38, 38, 31, 30, 8, 10, 5, 40, 41, 7, 42, 10, 38, 1, 33, 25, 46, 47, 15, 21, 21, 21, 41, 21, 1, 40, 33, 18, 6, 35, 1, 43, 24, 33 >
< L19, 33, 42, 26, 22, 34, 35, 15, 44, 22, 17, 28, 48, 13, 24, 14, 35, 47, 37, 25, 17, 37, 16 >
< L20, 5 >
< L21, 38, 7, 16, 11, 42, 39, 46, 33, 15, 17, 19, 1, 34, 12, 24, 50, 41, 24, 14, 17, 37 >
< L22, 15, 23, 24, 33, 12, 40, 34, 16, 12, 21, 24, 27, 33, 15, 16, 28, 50, 32, 47, 18, 34, 30, 31, 9, 31, 23, 32, 45, 39, 21, 42, 3, 45, 18, 38, 6, 9, 21, 23, 20, 41, 47, 47, 25, 13, 14, 5, 12 >
< L23, 1, 31, 30, 32, 11, 38, 12, 34, 22, 6, 24, 42, 50, 29, 38, 17, 16, 44, 25, 38, 18, 46, 30, 16, 44, 4, 29, 7, 8, 42, 3, 8, 23, 34, 41, 33, 24, 3, 18, 45, 8, 44, 38, 9, 22, 27, 27 >
< L24, 22, 3, 26, 40, 49, 5, 5, 42, 8, 33, 1, 18, 25, 5, 27, 47, 39, 18, 31, 14, 20, 1, 10, 29, 44, 47, 38, 17, 23, 14, 5, 47, 17, 32, 36, 15, 36, 40, 8 >
< L25, 25, 8, 12, 1, 13, 41, 47, 3, 8, 29, 16, 29, 31, 25, 7, 24, 23, 44, 42, 47, 8, 46, 43, 24, 29, 30, 40, 14, 20, 47, 11, 46, 5, 24, 46, 19, 14, 44, 23, 21, 22, 38, 49, 3, 14 >
< L26, 28, 38, 1, 20, 36, 10, 17, 31 >
< L27, 46, 10, 24, 11, 31, 21, 21, 26, 27, 45, 21, 47, 8, 14, 19, 31, 38, 8, 31, 40, 23, 38, 19, 10, 41, 40, 47, 50, 7, 27, 35, 4, 37 >
< L28, 14, 17, 30, 35, 43, 8, 31, 13 >
< L29, 38, 29, 24, 20 >
< L30, 31, 3, 7, 3, 40, 27, 14, 32, 17, 11, 32, 23, 37, 16, 28, 23 >
< L31, 41, 40, 7, 27, 34, 14, 7, 48, 20, 47, 26, 43, 16, 43, 24, 18, 1, 28, 10, 28, 42, 41, 44, 2, 24 >
< L32, 38, 41, 45, 13, 16, 35, 4, 24, 14, 37, 39, 20, 34, 8, 16, 12, 3, 34 >
< L33, 28, 3, 7, 5, 12, 34 >
< L34, 5, 29, 49, 28, 46, 39, 21, 42, 1, 38, 28, 4, 11, 41, 42, 49, 11, 27, 9, 28, 40, 11, 11, 46, 38, 14, 4, 42, 27, 37, 40, 33, 17, 38, 13, 14, 28, 33, 5, 28, 20, 32, 33, 30, 25, 26 >
< L35, 37, 3, 38, 14, 42, 48, 27, 39, 35, 42, 42, 29, 18, 30, 18, 3, 46, 7, 15, 9, 35, 47, 13, 14, 16, 47, 47, 45, 21, 22 >
< L36, 7, 26, 14, 22, 20, 11, 48, 8, 46, 39, 2, 26, 9, 31, 43, 11, 29, 49, 25, 37, 35, 21, 2, 49 >
< L37, 50, 45, 34, 22, 18, 7, 30, 46, 20, 1, 15, 33, 1, 24, 30, 41, 27, 5, 49, 10, 49, 11, 38, 47, 35, 26, 34, 7, 29, 32, 44, 28, 28, 27, 1, 47, 36, 30 >
< L38, 7, 33, 8, 39, 33, 32, 20, 23, 8, 24, 24, 19, 22, 34, 6, 21, 21, 34, 4, 27, 12, 37, 23, 42, 14, 49, 42, 10, 36, 24, 2, 45, 8, 9, 33, 42, 42, 5, 16, 2, 28, 39 >
< L39, 2, 25, 28, 22, 45, 11, 27, 23, 24, 13, 45, 15, 28, 46, 9, 37, 33, 34, 40, 27 >
< L40, 1, 12, 32, 44, 16, 49, 45, 43, 38, 17, 44, 14, 46, 17, 10, 6, 43, 32, 29, 7, 29, 46, 34, 24, 4, 23, 6, 39, 12, 35, 29, 14, 46, 12, 8, 11, 12, 4, 3, 1, 20 >
< L41, 14, 15, 17, 23, 22, 12, 7, 3, 18, 35, 48, 4, 10, 3, 26, 17, 41, 39, 1, 21, 3, 46, 34, 10, 6, 45, 13, 11, 46, 35, 11, 9, 1, 27, 34, 23, 38, 40, 25, 8, 24, 24, 11, 33, 26, 38, 49, 18, 26 >
< L42, 38, 30, 47, 21, 39, 3, 15, 4, 15, 12, 38, 25, 21, 38, 3, 4, 12, 43, 43, 36, 50, 18, 11, 12, 50, 36, 1, 50, 5, 28, 49, 42, 8, 46, 14, 46, 50, 31, 49, 16, 42, 38, 42, 14, 26, 44, 17, 37, 38, 11 >
< L43, 37, 28, 35, 50, 29, 23, 2, 29, 27, 30, 27, 21, 37, 24, 36, 34, 25, 16, 35, 40, 10, 22, 33, 23, 49 >
< L44, 40, 36, 14, 2, 12, 3, 30, 48, 4, 10, 20, 6, 38, 49, 37, 17, 21, 23, 42, 6, 8, 17, 24, 42, 8, 33, 16 >
< L45, 5, 14, 19, 44, 1, 32, 48, 14, 36, 29, 12, 42, 38, 31, 47, 26, 31, 33, 44, 1, 7, 35, 9, 16, 1, 32, 10, 9, 14, 25, 1, 18, 40, 19, 14, 43, 2, 13, 6, 40, 41 >
