< L0, 28, 50, 29, 5, 30, 11, 48, 33, 19, 33, 41, 34, 35, 24, 43, 45, 39, 19, 45, 8, 9, 15, 23, 1, 17, 35, 8, 6, 25, 25, 36 >
< L1, 24, 14, 11, 5, 26 >
< L2, 37, 46, 43, 29, 31, 27, 4, 26, 24, 42, 44 >
< L3, 50, 4, 33, 22, 6, 1, 9, 14, 6, 35, 38, 43, 39, 13, 8, 2, 17, 35 >
< L4, 6, 30, 6, 34, 12, 34, 40, 37, 7, 31, 31, 27 >
< L5, 34, 9, 4, 42, 11, 14, 5, 18, 48, 42, 12, 39, 4, 19, 40, 22, 5, 1, 27, 36, 8, 13, 47, 41, 2, 34, 48, 34, 16, 24, 16, 1 >
< L6, 19, 42, 44, 32, 46, 13, 31, 39, 24, 19, 44, 44, 8, 16, 48, 10, 44, 33, 17, 6, 31, 10, 9, 16, 7, 43, 31, 32, 8, 34, 15, 28, 25, 10 >
< L7, 23, 22, 41, 11, 47, 10, 7, 40, 19, 22, 37 >
< L8, 17, 21, 47, 25, 1, 6, 33, 17, 14, 25, 49, 45, 34, 32, 11, 11, 9, 22, 21, 31, 45, 14, 43, 41, 23, 49, 30, 43, 22, 16, 23 >
< L9, 38, 22, 15, 41, 29, 47, 9, 43, 24, 7, 39, 7, 41, 2, 20, 1, 23, 40, 33, 18, 3, 27, 8, 27, 28, 40, 22, 1, 7, 44, 41, 45, 15, 5, 35, 46, 4, 43, 38, 27, 1 >
< L10, 33, 43, 29, 2, 43, 4, 44, 27, 21, 48, 4, 30, 27, 31, 21, 48, 31, 28, 43, 24, 24, 8, 28, 8, 5, 31, 2, 42 >
< L11, 4, 21, 42, 49, 50, 45, 43 >
< L12, 40, 20, 25 >
< L13, 25, 6, 16, 7, 27, 13, 37, 4, 7, 12, 29, 16, 40, 36, 20, 22, 39, 13, 31, 44, 34, 24, 42, 35, 18, 37, 39, 10, 6, 13, 49, 30, 20, 14, 38, 46, 28, 26, 1, 34 >
< L14, 29, 50, 27, 16, 21, 50, 6, 34, 30, 2, 17, 3, 45, 3, 23, 31, 41, 32, 36, 5, 32, 17, 24, 45, 4, 22, 24, 30, 22, 9, 19, 3, 10, 45, 20, 31, 46, 28 >
< L15, 26, 29, 32, 30, 23, 34, 4, 4, 24, 37, 41, 30, 18, 8 >
< L16, 14, 13, 24 >
