< L0, 48, 48, 12, 2, 9, 8, 21, 39, 4, 48, 4, 31, 28, 35, 12, 1, 18, 16, 4, 43, 4, 44, 22, 22, 3, 27, 37, 18, 2, 26, 11, 1, 25, 25, 2, 33, 32, 25, 24, 37, 24, 27, 19, 2 >
< L1, 31, 4, 31, 48, 7, 26, 1, 2, 49, 24, 7, 25 >
< L2, 24, 27, 38, 36, 27, 14, 10, 31, 46, 44, 7, 21, 30 >
< L3, 48, 49, 33, 11, 31, 36, 43, 28, 44, 18, 30, 48, 19, 6, 4, 43, 18, 29, 21, 7, 16, 50, 20, 26, 32, 17, 21, 38, 38, 2 >
< L4, 35, 2, 2, 45, 32, 37, 37, 11, 31, 7, 43, 28, 25, 48, 33, 19, 15 >
< L5, 42, 21, 26, 41, 42, 3, 24, 8, 23, 11, 45 >
< L6, 29, 31, 28, 30, 27, 12, 17, 14, 22, 49, 22, 14, 28, 48, 13, 10, 16, 29, 22, 7, 49, 49, 49, 42, 2, 22, 50 >
< L7, 34, 46, 2, 13, 27, 32, 44, 3, 43, 12, 18, 14, 10, 41, 30, 39, 38, 42, 48, 4, 23, 21, 12, 21, 20, 13 >
< L8, 21, 36, 14, 48, 20, 9, 2, 34, 35, 33, 27, 40, 25 >
< L9, 7, 40, 2, 48, 19, 41, 37, 13, 38, 40, 35, 9, 4, 7, 30, 16, 21, 2, 1, 36, 49, 22, 45, 50, 7, 31, 34, 36, 20, 8, 26, 29, 48, 27, 28, 18, 17, 14, 32, 7, 6 >
< L10, 17, 9, 25, 46, 26, 47, 47, 26, 33, 47, 50, 29, 47, 6, 9, 32, 41, 31 >
< L11, 18, 11, 39, 45, 38, 8, 11, 3, 40, 19, 8, 7, 35, 16, 33, 30, 43, 30, 28, 21, 14, 25, 20, 42, 23, 27, 2, 4, 20, 34, 45, 37, 44, 33, 31, 31, 41, 44, 36, 32 >
< L12, 43, 38, 49, 11, 21, 28, 3, 2, 8, 23, 15, 32 >
< L13, 8, 6, 21, 11, 9, 40, 45, 6, 28, 38, 40, 9, 21, 30, 4, 6, 13, 15, 48, 1, 13, 10, 23, 43, 15, 24, 50, 37, 40, 33, 33, 49, 38, 5, 9, 48, 46, 3, 3, 23, 41, 43, 33, 11 >
< L14, 36, 18, 37, 3, 17, 39, 17, 27, 11, 11, 41, 36, 12, 29, 25, 44, 13, 23, 33, 17, 31, 31, 12, 34 >
< L15, 35, 26, 27, 17, 38, 1, 5, 5, 37, 7, 21, 25, 23, 49, 37, 36, 41, 22, 47, 20, 48, 41, 32, 22, 25, 1, 4, 5, 12, 37, 40, 46, 14 >
< L16, 15, 1, 18, 19, 7, 4, 27, 28, 30, 1, 28, 18, 36, 19, 41, 33 >
< L17, 38, 25, 21, 9, 49, 21, 13, 6, 33, 1, 45, 30, 17, 12, 46, 17, 30, 16, 24, 35, 42, 3, 17, 43, 30, 34, 30, 48, 25, 12, 37, 14, 38, 10, 25, 39, 30, 37 >
< L18, 14, 39, 40, 46, 5, 1, 43, 24, 32, 9, 47, 19, 2, 1, 35, 46, 32, 20, 26, 30, 46, 39, 18, 12, 27, 27, 36, 15, 9, 22, 10, 22, 12, 49, 19, 17, 1, 14, 40, 35, 22, 38, 3, 25 >
< L19, 39, 21, 21, 8, 48, 50, 6, 38, 20, 17, 14, 46, 2, 30, 4, 25, 41, 28, 38, 39, 48, 4, 42, 11, 45, 26, 34, 34, 28, 9, 23, 18, 29, 44, 25, 28, 45, 32, 15, 14 >
< L20, 31, 12, 3, 12, 15, 27, 3, 44, 17, 43, 42, 22, 36, 4, 17, 11, 38, 2, 40, 46, 25, 7, 26, 20, 34, 3, 14, 17, 19, 30, 17, 49, 41, 19, 11, 7, 48, 15, 1, 14, 7, 44, 35, 43, 47, 3, 5, 34, 5, 47 >
< L21, 31, 3, 6, 50, 38, 10, 15, 5, 29, 46, 21, 27, 36, 41, 39, 43, 38, 3, 45, 1, 12, 38, 38, 6, 36, 40, 10, 20, 44, 6, 50 >
< L22, 11, 8, 25, 50, 17, 40, 4, 45, 35, 26, 24, 23, 19, 12, 17, 6, 17, 13, 9, 28, 2, 46, 33, 37 >
< L23, 44, 8, 31, 2, 10, 6, 14, 17, 33, 13, 35, 24, 19, 32, 10, 46, 5, 32, 14, 18, 50, 22, 36, 12, 30, 13, 13, 27, 47, 50, 15, 43, 9, 47, 44, 18, 3 >
< L24, 34, 37, 21, 19, 10, 41, 2, 19, 37 >
< L25, 1, 50, 25, 2, 23, 11 >
< L26, 4, 25, 28, 30, 22, 27, 47, 16, 36, 43, 11, 3, 47, 19 >
< L27, 33, 41, 9, 42, 32, 10, 11, 18, 17, 13, 19, 41, 14, 44, 1, 29, 47, 26, 7, 29, 49, 33, 25, 16, 20, 17, 26, 25, 14, 46, 15, 46, 36, 25, 40, 19, 34, 50, 36 >
< L28, 14, 7 >
< L29, 27, 50, 45, 6, 48, 22, 12, 26, 22, 46, 50, 37, 18, 19, 14, 42, 32, 9, 8, 29, 46, 32, 20, 15, 17, 19, 2, 18, 34, 8, 9, 11, 9, 5, 18, 7, 28, 31, 32, 49, 28, 34 >
< L30, 45, 2, 50, 38, 35, 10, 45, 15, 6, 28, 35, 20, 44, 5, 21, 11, 39, 31, 22, 1, 39, 28, 20, 47, 6, 50, 31, 4, 27, 14, 41, 24, 15, 42, 11, 1, 2 >
< L31, 15, 7, 35, 49, 26, 31, 4, 48 >
< L32, 44, 28, 14, 44, 19, 44, 13, 15, 49, 14, 47, 4, 42, 10, 44, 15, 26, 36, 28, 26, 39, 35, 43, 45, 21, 41, 22, 3, 46, 19, 46, 39, 49, 9, 34, 19, 4, 48, 35, 2, 11, 32, 6 >
< L33, 41, 1, 19, 19, 38 >
< L34, 46, 26, 32, 38, 22, 5, 31, 43, 7, 26, 14, 2, 17, 12, 13, 2, 30, 16, 2, 16, 18, 12, 47, 25, 18, 40, 25, 37, 8, 13, 34, 3, 40, 16, 43, 12, 20, 23, 4, 26, 50, 19, 30, 18, 32, 42 >
< L35, 13, 7, 21, 29, 26, 34, 25, 50, 2, 14, 25, 40, 21, 39, 23, 26, 28, 38, 18, 41 >
< L36, 42, 45, 35, 41, 15, 14, 9, 47, 7 >
< L37, 9, 13, 50, 37, 41, 35, 12, 40, 36, 25, 16, 25, 48, 6, 50, 25, 34, 37, 44, 26, 46, 37, 22, 32, 27, 37, 47, 37, 33, 3 >
< L38, 41, 17, 17, 28, 7, 2, 41, 49, 39, 17, 14, 16, 16, 20, 15, 40 >
