< L0, 17, 22, 7, 30, 47, 6, 19, 35, 9, 25, 28, 10, 31, 25, 18, 4, 24, 34, 37, 12, 37, 25, 40, 23 >
< L1, 41, 46, 4, 22, 16, 27, 38, 39, 35, 19, 37, 43, 37, 21, 1, 13, 1, 12, 46, 25, 30, 49, 50, 13, 37, 13, 1, 11, 2, 24, 42 >
< L2, 19, 47, 16, 36, 25, 6, 26, 10, 26, 12, 2, 15, 35, 4, 29, 35, 16, 24, 11, 47, 24, 10, 9, 10, 25, 12, 21, 28, 37, 14, 22, 7, 12, 40, 44, 36, 47, 19, 47, 22, 30, 48, 38, 16, 4 >
< L3, 50, 19, 40, 10, 15, 16, 22, 25, 25, 48, 38, 47, 25, 26, 10, 47, 32 >
< L4, 38, 27, 9, 34, 45, 5, 7, 27, 5, 45, 42, 8, 13, 44, 28, 4, 3, 44, 19, 26, 18, 44, 23 >
< L5, 40, 48, 33, 2, 46, 17, 24, 33 >
< L6, 34, 18, 40, 39, 26, 16, 45, 22, 9, 2, 34, 2, 29, 38, 7, 24, 6, 32, 41, 1, 5, 50, 41, 4, 33, 44, 49, 49, 17, 33, 41, 3, 2, 32, 41, 27, 47, 37, 49, 8, 38, 34, 9 >
< L7, 21, 17, 41, 29, 49, 33, 29, 5, 33, 21, 10, 17, 14, 8, 17, 33, 42, 9 >
< L8, 43, 41, 27, 21, 39, 13, 19, 46, 2, 5, 7, 21, 27, 23, 13, 5, 23, 47, 36, 29, 31, 6, 38, 47, 22, 47, 13, 6, 38, 24, 40, 32, 14, 18, 3 >
< L9, 32, 23 >
< L10, 35, 27, 6, 5, 4, 30, 19, 8, 5, 15, 45, 33, 46, 1, 21, 42, 24, 17, 7, 29, 7, 30, 20, 38, 45, 37, 40, 46, 20, 13, 47, 4, 41, 2, 10, 44, 34, 30, 4, 38, 44, 48, 20, 39, 50, 42, 33, 23, 9, 41 >
< L11, 15 >
< L12, 20, 4, 16, 8, 46, 11, 27, 10, 8, 32, 50, 11, 43, 44, 46, 22, 49, 33, 18, 46 >
< L13, 6, 46, 46, 40, 18 >
< L14, 30, 21, 20, 1 >
< L15, 26, 16, 50, 21, 29, 26, 30, 38, 10, 29, 48, 4, 24, 44, 26, 22, 28, 43, 20, 32, 50, 15, 30, 40, 34, 35, 21, 6, 5, 22, 46, 30, 39, 45, 2, 17, 22, 31, 4, 33 >
< L16, 4, 37, 35, 49, 14, 6, 26, 6, 27, 10, 7 >
< L17, 39, 48, 27, 23, 19, 32, 29, 42, 29, 10, 30, 25, 11, 49, 49, 43, 4, 31, 4, 7, 17, 38, 5, 30, 45, 33, 37, 22, 44, 44, 14, 32, 41, 42, 6, 11, 26, 37, 2, 4, 48 >
< L18, 31, 11, 34, 29, 3, 37, 11, 6, 46, 28, 45, 2, 9, 42, 36, 48, 13, 29, 41, 28, 12, 33, 20, 20, 46, 47, 6, 49, 50, 5, 34, 32, 15, 17 >
< L19, 18, 6, 21, 25, 1, 50, 22, 4, 10, 13 >
< L20, 7, 27, 18, 49, 6, 32, 34, 27, 1, 29, 23, 8, 27, 25, 12, 13, 6, 29, 29, 18, 48, 36, 40, 22, 38, 39, 45, 42, 50, 9, 31, 7, 35, 50, 5, 41, 33, 38, 19, 33 >
