< L0, 50, 14, 12, 20, 27, 16, 43, 30, 44 >
< L1, 32, 17, 44, 39, 1, 2, 20, 26 >
< L2, 20, 37, 27, 29, 32, 41, 27, 11, 45, 44, 3, 5, 43, 16, 19, 15, 44, 34, 9, 23, 28, 16, 6, 46, 9, 46, 48, 12, 18, 23, 5, 37, 10, 34, 15, 43, 24, 44, 4, 21, 37, 8, 27, 32 >
< L3, 45, 46, 18, 31, 4, 42, 10, 21, 48, 5, 31, 43, 2, 42, 12, 26, 48, 49, 37, 31, 15, 30, 7, 10, 33 >
< L4, 49, 42, 3, 30, 16, 50, 25, 33, 30, 30, 24, 39, 50, 23, 45, 32, 18, 48, 23, 29, 23, 22, 27, 10, 3, 42, 41 >
< L5, 3, 25, 37, 1, 16, 41, 30, 31, 40, 6, 15 >
< L6, 37, 40, 9, 36, 15, 3, 17, 32, 2, 41, 12, 25, 13, 39, 36, 17, 32, 28, 27 >
< L7, 2, 15, 35, 19, 5, 16, 49, 45, 22, 15, 15, 8, 4, 26, 46, 18, 28, 14, 1, 30, 7, 13, 6, 19, 3, 43, 37, 36, 22, 15, 21, 23, 29, 7 >
< L8, 35, 23, 41, 31, 46, 5, 46, 5, 10, 21, 50, 30, 50, 16, 30, 31, 22, 44, 38, 42, 48, 32, 30, 33, 3, 44, 6, 25, 24, 12, 17, 8, 36, 9, 39, 33, 15, 36, 38, 25, 8 >
< L9, 6, 9, 4, 37, 40, 27, 33, 27, 20, 30, 11, 49, 15, 13, 44, 20, 40, 17, 33, 8, 27, 21, 17, 17, 3, 31, 4, 40, 7, 11, 29, 14, 19, 34, 1, 10, 11, 33, 39 >
< L10, 14, 49, 31, 28, 13, 24, 47, 2, 43, 32, 10, 21, 2, 28, 39, 4, 10, 42, 46, 19, 4, 24, 32, 24, 9, 34, 36, 21, 16, 24 >
< L11, 32, 24, 33 >
< L12, 36, 8, 8, 40, 50, 39, 49, 22, 40 >
< L13, 10, 45, 37, 3, 40, 5, 8, 15, 37, 34, 24, 20, 19, 44, 38, 44, 46, 21, 17, 30, 29, 4, 38, 36, 43, 39, 26, 43 >
< L14, 17, 20, 22, 12, 7, 27, 1, 13, 36, 16, 49 >
< L15, 41, 21, 39, 36, 10, 32, 32, 30, 50, 11, 10, 4, 50, 46, 48, 39, 23, 41, 1 >
< L16, 10, 24, 3, 18, 2, 5, 31, 38, 22, 29, 8, 12, 1, 49, 48, 12, 32, 31, 41, 32, 43, 1, 37, 43, 48, 36, 33, 20, 26, 35, 11, 36, 10, 13, 5, 12, 18, 35, 1, 39 >
< L17, 10, 3, 16, 8, 50, 28, 40, 32, 20, 23, 24, 22, 11, 18, 19, 46 >
< L18, 41, 24, 34, 3, 11, 46, 18, 15, 7, 35, 50, 9, 25, 17, 18, 29, 32, 28, 30, 11, 19, 11, 33, 43, 35, 4, 5, 2, 23, 50, 2, 15, 25, 37, 17, 35, 34, 34, 2, 40, 20, 1, 50, 47, 19, 18, 25, 50, 45, 5 >
< L19, 15, 15, 45, 7, 1, 50, 11, 3, 24, 12, 6, 38, 37 >
< L20, 7, 23, 28, 40, 24, 19, 12, 26, 19, 8, 44, 36, 34, 46, 32, 38, 10, 48, 5, 6, 4, 5, 5, 14, 7, 29, 27, 14, 18, 13, 8, 24, 38, 37, 16, 11, 5, 29, 39, 23, 36, 32, 10, 21 >
< L21, 43, 11, 36, 40, 15, 41, 45, 21, 48, 8, 30, 26, 37, 43, 43, 1, 2, 19, 38, 38, 34, 1, 45, 12, 39, 17, 49 >
< L22, 29, 21, 49, 23, 31, 36, 13, 45, 29, 9, 18, 26, 19, 47, 3, 5, 39, 47, 5, 43 >
< L23, 43, 30, 50, 43, 26, 13, 33, 43, 13, 2, 23, 34, 2, 45, 14 >
< L24, 9, 11, 18, 18, 30, 45, 38, 26, 47, 42, 16, 45, 46, 8, 12, 40, 40, 11, 34, 15, 26, 16, 9, 40, 20, 31, 25, 21, 28, 41, 10, 38, 1, 29, 7, 30, 23, 44, 7, 21 >
< L25, 22, 16, 33, 30, 27, 24, 21, 39, 8, 35, 16, 25, 44, 6, 44, 26, 30, 17, 5, 20, 28, 43, 22, 7, 1, 3, 31, 47, 9, 2, 33, 33, 19, 17, 12, 47, 41 >
< L26, 35, 50, 18, 3, 24, 11, 8, 18, 39, 39, 36, 43, 9, 13, 37, 32, 19, 38, 37, 2, 36, 45, 5, 18, 27, 23, 35, 40, 19, 25, 23, 5 >
< L27, 41, 7, 47, 3, 16, 16, 43, 5, 1, 36, 15, 14, 24, 48, 34, 13, 34, 37, 48, 31, 41, 16, 7, 15 >
< L28, 49, 35, 26, 23, 40, 49, 15, 48, 47, 18, 16, 15, 10, 22, 17, 47, 38, 32, 21, 35, 18, 33, 19, 4, 31, 49, 45, 48, 7, 11, 47, 7, 46, 22, 30, 37, 22, 44, 34, 20, 13, 1, 34, 25, 22, 3, 23, 9, 34, 43 >
< L29, 1, 28, 14, 5, 10, 14, 1, 9, 22, 11, 5, 29, 6, 28, 8, 44, 1, 3, 28, 20, 16, 30, 6, 40, 2, 8, 12, 12, 43, 7, 7, 44, 36, 22, 50, 47, 35, 50, 5, 7, 12, 11, 35, 20 >
< L30, 44, 13, 40, 46, 42, 9, 11, 22, 16, 2, 25, 25, 14, 36, 18, 22, 45, 13, 7, 16, 12, 5, 1, 13, 9, 9, 24, 19, 45, 43, 6, 38, 8, 45, 33, 49, 5, 46 >
< L31, 23, 49, 46, 49, 14, 34, 18, 35, 28, 30, 43, 45, 41, 47, 47, 5, 5, 5, 29, 23 >
< L32, 23, 30, 38, 30, 26, 23, 29, 33, 18, 50, 7, 18, 48, 5, 32, 31, 23, 16, 10, 4, 9, 4, 47, 7, 1, 1, 12, 5, 29, 36, 6, 4, 18, 43, 33, 45, 17, 13, 27, 36, 15, 35, 4, 14, 40, 35, 44, 14, 50 >
< L33, 17, 10, 8 >
< L34, 17, 8, 16, 30, 15, 44, 17, 20, 49, 36, 14, 32, 31 >
< L35, 46, 9, 16, 12, 44, 21, 25, 35, 5, 20, 50, 7, 24, 18, 16, 32, 33, 34, 39, 48, 15, 3, 41, 34, 24, 42, 19, 40, 23, 1, 20 >
< L36, 10, 37, 34, 5, 10, 8, 41, 14, 30, 40, 20, 3, 7, 38, 34, 39, 21, 23, 36, 38 >
< L37, 29, 21, 3, 20, 41, 42, 44, 42, 13, 15, 3, 1, 48, 7, 10, 8, 47, 24, 37, 36, 45, 39, 44, 32, 25, 33, 5 >
< L38, 20, 42, 25, 50, 14, 27, 19, 4, 20, 12, 47, 32, 29, 49, 33, 26, 5, 42, 35, 3, 17, 23, 40, 12, 14, 34, 43, 38, 18, 49, 36, 39, 40, 12, 39, 5, 41, 7, 11, 10, 21, 7, 42, 1, 8, 24, 28, 14, 17 >
< L39, 17, 34, 35, 8, 45, 48, 41, 39, 37, 10, 38, 22, 1 >
< L40, 34, 39, 34, 26, 47, 44, 35, 19, 2, 28, 19, 9, 1, 47, 23, 20, 9, 41, 3, 45, 48, 49, 45, 41, 37, 31, 2, 26, 3 >
< L41, 5, 38 >
