< L0, 42, 45, 16, 6, 9, 23, 34, 37, 40, 31, 25, 29, 4, 12, 19, 49, 3, 19, 7, 35, 25, 44, 37, 31, 36, 19, 19, 4, 4, 36, 45, 45, 32, 12, 50, 40, 35, 33, 29, 26, 15, 3 >
< L1, 19, 16, 25, 19, 19 >
< L2, 27, 3, 19, 20, 41, 2, 5, 10, 20, 11, 13, 7, 7, 7, 41, 19, 9, 32, 5, 41, 12, 30, 6, 16, 36, 26, 32, 11, 44, 50, 5, 20, 4, 26, 40, 45, 27, 46, 6, 48, 8, 18, 4 >
< L3, 26, 46, 35, 34, 28, 39, 27, 39, 18, 32, 5, 4, 9, 36, 16 >
< L4, 37, 20 >
< L5, 42, 47, 14, 36, 23, 12, 41, 20, 19, 10, 26, 35, 36, 21, 19, 19, 50, 7, 45, 41, 27, 28, 45 >
< L6, 38, 32, 47, 39, 20, 18, 12, 11, 15, 27, 49, 39, 38, 41, 9, 7, 3, 34, 41, 38, 6, 10, 8, 6, 18, 5, 46, 46, 34, 42, 29, 22 >
< L7, 27, 10, 46, 45, 23, 6, 11, 2, 6, 49, 39, 49, 9, 45, 1, 44, 38, 40, 50, 49, 47, 7, 18, 1, 4 >
< L8, 35, 47, 42, 6, 23, 21, 17, 18, 15, 42, 25, 27, 43, 33 >
< L9, 33, 31, 36, 30, 33, 29, 17, 22, 30, 17, 18, 38, 34, 21, 41, 49, 5, 39, 43, 12, 11, 13, 30, 30, 29, 23, 5 >
< L10, 17, 37, 31, 50, 19 >
< L11, 29, 1, 47, 45, 22, 28, 13, 41, 16, 46, 11, 8, 45, 17, 47, 37, 28, 9 >
< L12, 10, 39, 29, 32, 45, 33, 49, 33, 15, 48, 1, 33, 28, 3, 31, 22, 26, 8, 34, 16, 23, 31, 27, 33, 25, 43, 31, 13, 23, 41, 13, 32, 29, 41, 15, 25, 25, 13, 7, 40, 12, 9, 24, 39, 13, 4, 12, 38, 11 >
< L13, 4, 36, 28, 32, 20, 4, 26, 50, 19, 48, 40, 33, 31, 21, 26, 48, 45, 50, 10, 4, 41, 24, 14, 14, 12, 27, 19, 26, 14, 32, 22, 19, 17, 1, 50, 36, 7, 28, 37, 27, 25, 26, 9, 8, 48, 34, 5 >
< L14, 36, 16, 50, 28, 39, 13, 44, 3, 41, 12, 28, 7, 43, 1, 25, 11, 4, 27, 46, 10, 4, 34, 38, 30, 12, 46, 39, 9, 32, 45, 3, 19, 11, 2, 46, 1, 17, 39, 3, 9, 1, 32, 15, 45, 35 >
< L15, 6, 38, 20, 3, 49, 25, 37, 36, 4, 48, 33, 45, 8, 14, 39, 13, 32, 1, 16, 30, 2, 32, 20, 6, 43, 22, 40, 9, 17, 24, 50, 22, 13, 21, 24, 11, 45, 12, 48, 1, 11, 30 >
< L16, 19, 44, 35, 31, 27, 36, 46, 8, 39, 30, 28, 46, 22, 49, 35, 30, 15, 10, 32, 38, 22, 2, 14, 34, 49, 27, 31, 49, 38, 11, 45, 8, 6, 29, 38, 34, 16, 35, 42, 6, 16, 19, 2, 37, 19 >
< L17, 19, 36, 50, 2, 23, 23, 5, 36, 7, 3, 13, 39, 1, 2, 1, 47, 9, 8, 28, 48, 42, 45, 32, 35, 1, 48, 5, 4, 36, 23, 43, 6, 8, 42, 7, 33, 15, 12 >
