< L0, 14, 32, 11, 17, 35, 14, 15, 43, 21, 42, 42, 12, 37, 26, 46, 37, 23, 2, 42, 10, 25, 34, 18 >
< L1, 26, 24, 16, 40, 37, 36, 14, 3, 19, 24, 19, 4, 37, 33, 48, 8, 27, 40, 21, 13, 15, 19, 1, 39, 20, 42, 50, 46, 25, 17, 30, 50, 43, 45 >
< L2, 29, 32, 4, 31, 1, 30, 1, 6, 18, 36, 3, 27, 12, 44, 48, 26, 10, 18, 26, 50, 39, 17, 50, 35, 43, 18, 14, 45, 12, 10, 35, 41, 42, 41, 23, 44, 20, 26, 49, 37, 13 >
< L3, 16 >
< L4, 47, 13, 1, 6, 32, 28, 6, 20, 44, 7, 4, 38, 26, 19, 32, 38, 31, 17, 30, 24, 9, 4, 17, 28, 31, 15 >
< L5, 43, 17, 31, 20, 13, 45, 20, 21, 28, 47, 28, 48, 42, 36, 3, 30 >
< L6, 24, 11, 50, 6, 29, 31, 29, 39, 35, 47, 16 >
< L7, 11, 34, 10, 29, 16, 29, 44, 13, 1, 14, 40, 49, 43, 39, 41 >
< L8, 42, 22, 40, 15, 34, 42, 22, 15, 22, 50, 3, 6, 46, 21, 23, 8, 6, 34, 36, 23, 14, 31, 35, 14, 44, 27, 13, 38 >
< L9, 5, 15, 8, 28, 7, 24, 11, 48, 45, 27, 19, 44, 30, 27, 41 >
< L10, 1, 48, 7, 34, 36, 29, 47, 16, 16, 13, 12, 42, 25, 49, 6, 29, 16, 14, 8, 22, 37, 18, 21, 34, 45, 41, 27, 26, 17, 18, 27, 19, 17, 33, 2, 4, 11, 1, 20, 28, 13, 33, 19, 39, 31, 27, 19, 48, 42, 26 >
< L11, 30, 43, 41, 13, 39, 34, 42, 16, 50, 11, 42, 19, 27, 26, 22, 33, 39, 24, 2, 16, 36 >
< L12, 35, 26, 18, 13, 44, 16, 4, 19, 36, 35, 14, 29, 48, 4, 12, 39, 20, 13, 49, 11, 33, 27, 37, 7, 9, 27, 30, 12, 42, 18, 47, 26, 43, 15, 40, 39 >
< L13, 43, 7, 19, 28, 22, 47, 27, 26, 10, 15, 47, 25, 15, 9, 7, 41, 47, 15, 2, 23, 47, 13, 15, 14, 10, 42, 8, 26, 32, 46, 7, 26 >
< L14, 25, 3, 28, 24, 29 >
< L15, 33, 45, 1, 9, 9 >
< L16, 16, 2, 8, 32, 3, 31, 28, 17, 47, 41 >
< L17, 38, 1, 3, 19, 48, 9, 47, 4, 34, 49, 32, 9, 30, 36, 43, 26, 39, 2, 37, 48, 19, 40, 7, 50, 42, 37 >
< L18, 8, 33, 20, 36, 21, 22, 38, 41, 20, 49, 37, 23, 34, 38, 6, 42, 19, 42, 34, 46, 30, 35, 34, 29, 3, 23, 35, 5 >
< L19, 24, 32, 26, 6, 3, 11, 28, 25, 50, 21, 44, 48, 9, 18, 31, 48 >
