< L0, 18, 17, 8, 14, 48, 44, 47, 28, 49, 22, 14, 3, 37, 37, 34, 12, 45, 36, 24, 24, 12, 24, 46, 5 >
< L1, 5, 23, 6, 4, 48, 29, 22, 14, 38, 37, 13, 32, 35, 40, 30, 6, 3, 32, 43, 40, 17, 6, 36 >
< L2, 30, 9, 16, 5 >
< L3, 20, 27, 11, 44, 34 >
< L4, 43, 13, 37, 8, 50, 25, 20, 31, 10, 9, 12, 17, 12, 43, 11, 3 >
< L5, 17, 38, 15, 46, 46, 30, 50, 2, 1 >
< L6, 12, 47, 12, 28, 39, 24, 16, 47, 25, 43, 18, 8, 4, 27, 19, 20, 38, 12, 31, 42, 22, 47, 29, 36, 44, 26, 17, 43 >
< L7, 18, 22, 41, 14, 33, 20, 4, 8, 38, 2, 35, 30, 20, 42, 33, 48, 12, 4, 37, 23, 34, 28, 47, 32, 6, 34, 25, 31 >
< L8, 19 >
< L9, 20, 43, 3, 35, 25, 22, 40, 35, 11, 42 >
< L10, 40, 13, 12, 24, 10, 23, 28, 46, 48, 13, 23, 46, 47, 30, 29, 23, 12, 31, 42, 22, 50 >
< L11, 24, 36, 10, 47, 26, 46, 8, 19, 16, 49, 31, 29, 25, 40, 4, 4, 37, 3, 18, 11, 48, 14, 40, 28, 37, 3, 11, 30, 24, 12, 15, 49, 48, 26 >
< L12, 25, 22, 7, 43, 39, 7, 23, 20, 31, 14, 25, 34, 2, 27, 4, 12, 26, 17, 3, 5, 5, 5, 17, 34, 31, 29, 48, 29, 28, 24, 28, 2, 47, 34, 44, 37, 41, 18, 6, 23, 33, 30, 9, 34, 8, 12, 45, 35 >
< L13, 47, 40, 35, 1, 6, 18, 31, 36, 18, 12, 13, 43, 41, 14, 39, 25, 9, 27, 17, 28, 33, 41, 10, 14, 49, 43, 24, 12 >
< L14, 8, 42, 35, 47, 26, 38, 5, 43, 20, 40, 12, 31, 3, 4, 22, 18, 44, 48, 29, 21, 16, 6, 5, 8, 16, 20, 7, 8, 43, 18, 47, 3, 9, 33, 49, 36, 20 >
< L15, 31, 40, 45, 42, 22 >
< L16, 48, 45, 16, 41, 44, 44, 13, 11, 50, 19, 19, 15, 41, 27, 24, 35, 46, 22, 37, 7, 5, 38, 42, 26, 42, 22, 17, 36, 14, 39, 34, 11, 35, 50, 3, 29, 43, 18, 41, 44, 38, 9, 10, 28, 37, 36, 15 >
< L17, 7, 1, 39, 13, 38, 32, 39, 30, 4, 5, 15, 19, 45, 49, 31, 30, 50, 35, 10, 44, 4, 50, 38, 42, 11, 47, 21, 49, 32, 35, 31, 41, 36 >
< L18, 3, 25, 3, 41, 4, 8, 46, 21, 28, 40, 19, 8, 21, 20, 44, 30, 13, 48, 32, 50, 39 >
< L19, 49, 11, 40, 32, 46, 23, 22, 33, 45, 25, 7, 49, 17, 11, 6, 14, 33, 33, 4, 3, 42, 26, 22, 36, 6, 34, 33, 37, 36, 23, 30, 36, 33, 19, 17, 28, 43, 39, 12, 38, 15, 19 >
< L20, 31, 31, 44, 45, 13, 28, 50, 15, 20, 25, 36, 7, 32, 21, 39, 18, 6, 11, 47, 41, 45, 18, 10, 23, 12, 50, 34, 49, 14, 4, 37, 46, 34, 30, 42, 48 >
< L21, 41, 12, 26, 18, 49, 32, 49 >
< L22, 22, 19, 29, 34, 17, 22, 29, 34, 31, 3, 46, 30, 38, 46, 45, 42, 32, 40, 27, 11, 34, 25 >
< L23, 24, 38, 45, 43, 39, 29, 42, 10, 50, 12, 38, 36, 28, 9, 14, 14, 41, 18 >
