< L0, 5, 6, 16, 48, 40, 8, 25, 50, 41, 1, 19, 16, 38, 16, 9, 26, 44, 2, 37, 45 >
< L1, 25, 32, 40, 35, 47, 3, 26, 14, 13, 47, 19, 21, 15 >
< L2, 10, 22, 42, 11, 12, 42, 32, 27, 32, 47, 35, 7, 42, 38, 44, 38 >
< L3, 20, 20, 42, 4, 16, 44, 31, 32, 9, 30, 50, 31, 44, 17, 40, 15, 11, 2, 26, 2, 33, 4, 33, 29, 41, 42, 22, 28, 37, 12, 28, 6, 31, 21, 11, 48, 16, 44, 29, 24, 23, 30, 4, 16, 49, 45, 32, 9, 47, 7 >
< L4, 29, 12, 47, 10, 2, 38, 33, 30, 24, 44, 9, 31 >
< L5, 29, 43, 24, 44, 36, 4, 20, 8, 34, 25, 25, 32, 22, 6, 42, 18, 14, 3, 48, 26, 49, 9, 27, 38, 44, 8 >
< L6, 37, 16, 45, 13, 44, 38, 38, 40, 25, 41, 11, 33, 26 >
< L7, 9, 9, 8, 15, 50, 25, 30, 5, 25, 5, 5, 35, 34, 43, 28, 41, 7, 17, 9, 2, 31, 4, 39, 18, 43, 13, 10, 5, 47, 38, 40, 8, 46, 47, 24 >
< L8, 24, 3, 4, 50, 10, 8, 34, 45, 2, 14, 35, 9, 32, 43, 12, 12, 47, 2, 31, 41, 16, 42, 46, 15, 29, 37, 22, 27, 35, 45, 26, 10, 49, 29, 9, 8, 38, 45, 2, 40, 10, 39, 50, 41, 33, 13, 2, 31 >
< L9, 34, 24, 29, 25, 19, 43, 4, 7, 16, 32, 41, 10, 7, 1 >
< L10, 35, 11, 18, 22, 7, 22, 13, 16, 10 >
